2 0.37734375 0.45859375 0.0578125 0.140625
3 0.35078125 0.15546875 0.025 0.0828125
1 0.2765625 0.571875 0.0859375 0.225
2 0.93125 0.259375 0.07265625 0.11328125
1 0.81640625 0.06875 0.06484375 0.11640625
4 0.64296875 0.12421875 0.01953125 0.0453125
1 0.7703125 0.0828125 0.06171875 0.13125
1 0.7625 0.934375 0.16875 0.13125
3 0.42890625 0.3609375 0.02734375 0.10234375
2 0.5 0.4578125 0.04765625 0.140625
3 0.5421875 0.18515625 0.01953125 0.0859375
4 0.8453125 0.31328125 0.0296875 0.05546875
0 0.5921875 0.59609375 0.0453125 0.18359375
1 0.234375 0.42734375 0.08828125 0.20390625
0 0.58046875 0.10390625 0.021875 0.134375
4 0.28125 0.1765625 0.02421875 0.0625
0 0.71328125 0.21875 0.04296875 0.153125
2 0.81171875 0.2046875 0.05625 0.10546875
0 0.55078125 0.1875 0.02421875 0.1484375
0 0.85546875 0.15546875 0.05546875 0.14296875
1 0.95234375 0.21328125 0.0953125 0.1578125