1 0.5 0.43984375 0.05859375 0.17421875
0 0.31640625 0.25703125 0.03203125 0.1328125
4 0.42265625 0.56328125 0.02734375 0.0625
1 0.096875 0.59921875 0.11328125 0.21640625
4 0.4375 0.36640625 0.021875 0.07109375
3 0.121875 0.53515625 0.0578125 0.10625
0 0.046875 0.45234375 0.08359375 0.16328125
4 0.81484375 0.80390625 0.075 0.08515625
0 0.6765625 0.4953125 0.046875 0.16796875
2 0.4046875 0.3140625 0.0375 0.10078125
1 0.1453125 0.78984375 0.15703125 0.19140625
0 0.05 0.66953125 0.09921875 0.1828125
4 0.2703125 0.37421875 0.0296875 0.06875
4 0.26953125 0.7546875 0.06953125 0.0765625