2 0.2140625 0.79453125 0.1203125 0.19375
2 0.20625 0.37109375 0.08203125 0.14921875
1 0.59453125 0.06796875 0.0359375 0.13515625
3 0.7515625 0.175 0.03984375 0.1015625
2 0.94140625 0.26640625 0.08984375 0.13515625
0 0.63984375 0.2328125 0.04296875 0.1828125
4 0.43671875 0.3046875 0.03203125 0.06328125
3 0.26640625 0.43984375 0.05390625 0.121875
4 0.69453125 0.07265625 0.0203125 0.06796875
4 0.50234375 0.465625 0.03359375 0.11015625
1 0.52265625 0.19453125 0.0546875 0.1890625
1 0.059375 0.509375 0.11875 0.228125
0 0.559375 0.5109375 0.04296875 0.19921875