0 0.81484375 0.396875 0.059375 0.1828125
4 0.41328125 0.428125 0.0328125 0.08046875
2 0.6234375 0.22265625 0.03046875 0.07734375
0 0.4921875 0.66015625 0.04375 0.24921875
1 0.3625 0.24375 0.04609375 0.12734375
3 0.54140625 0.43515625 0.02578125 0.1109375
1 0.171875 0.26640625 0.07109375 0.12890625
0 0.5 0.41640625 0.0296875 0.18828125
2 0.89453125 0.44609375 0.08046875 0.1359375
2 0.66953125 0.22734375 0.0328125 0.07890625
1 0.54140625 0.334375 0.02890625 0.1625
3 0.54140625 0.25625 0.01640625 0.075
2 0.8265625 0.4984375 0.08046875 0.15
3 0.58984375 0.27109375 0.01953125 0.078125