3 0.28125 0.63125 0.0625 0.06953125
2 0.63359375 0.3421875 0.0703125 0.13984375
3 0.88828125 0.2109375 0.07734375 0.109375
1 0.21328125 0.91328125 0.14296875 0.1734375
0 0.5 0.4671875 0.0359375 0.115625
0 0.746875 0.63203125 0.0953125 0.0796875
1 0.16796875 0.584375 0.14609375 0.171875
1 0.19765625 0.18984375 0.1328125 0.19921875
3 0.8109375 0.34140625 0.0703125 0.0984375
0 0.23515625 0.40078125 0.09375 0.12890625
1 0.68828125 0.803125 0.13046875 0.14140625
3 0.80625 0.071875 0.06328125 0.11953125
2 0.290625 0.06328125 0.0734375 0.12578125
2 0.34765625 0.4484375 0.075 0.13203125