4 0.8953125 0.9234375 0.07265625 0.153125
3 0.66015625 0.3296875 0.0359375 0.1078125
3 0.0703125 0.221875 0.05234375 0.096875
3 0.5 0.45625 0.02734375 0.11796875
2 0.2953125 0.09765625 0.04140625 0.0953125
0 0.43125 0.61328125 0.0453125 0.2
4 0.0640625 0.27734375 0.034375 0.0578125
0 0.38125 0.7109375 0.0609375 0.2
2 0.325 0.30859375 0.05625 0.1296875
0 0.1734375 0.14765625 0.05546875 0.15390625
3 0.21796875 0.18125 0.0375 0.0921875
2 0.15859375 0.20390625 0.06328125 0.11328125
1 0.45546875 0.778125 0.06015625 0.2734375
4 0.08671875 0.1984375 0.05234375 0.053125
3 0.26875 0.3 0.040625 0.1046875
3 0.44140625 0.48359375 0.0328125 0.1203125
4 0.33984375 0.240625 0.0296875 0.0734375