2 0.26875 0.5765625 0.084375 0.1671875
1 0.553125 0.47734375 0.071875 0.2296875
1 0.740625 0.24140625 0.05859375 0.1734375
3 0.334375 0.6703125 0.053125 0.13359375
2 0.63046875 0.3375 0.05234375 0.13046875
2 0.18125 0.4515625 0.084375 0.1484375
1 0.728125 0.51328125 0.10390625 0.23359375
0 0.5 0.41953125 0.03203125 0.18984375
2 0.62734375 0.26953125 0.046875 0.11953125
0 0.72578125 0.5921875 0.07578125 0.203125
1 0.33984375 0.353125 0.08359375 0.1765625
3 0.03125 0.5546875 0.0625 0.12578125
2 0.68515625 0.15390625 0.0421875 0.09921875