2 0.8296875 0.31484375 0.08359375 0.13828125
2 0.0484375 0.20703125 0.09140625 0.1328125
3 0.6234375 0.3171875 0.03671875 0.10625
2 0.55 0.08828125 0.040625 0.12578125
2 0.12109375 0.23359375 0.084375 0.134375
2 0.5 0.46484375 0.05234375 0.14296875
3 0.4171875 0.18359375 0.02890625 0.1046875
2 0.74609375 0.259375 0.0703125 0.1359375
4 0.62890625 0.5734375 0.0375 0.109375
1 0.52890625 0.29140625 0.0671875 0.1921875
2 0.709375 0.29140625 0.0671875 0.13671875
3 0.23515625 0.58515625 0.06328125 0.1015625
1 0.3765625 0.15078125 0.0734375 0.17421875
4 0.234375 0.49921875 0.0390625 0.1046875
2 0.16171875 0.7171875 0.11171875 0.14609375