2 0.72265625 0.5703125 0.08203125 0.17734375
2 0.35546875 0.234375 0.03671875 0.090625
4 0.96171875 0.3953125 0.06328125 0.0609375
0 0.38984375 0.22109375 0.02421875 0.13828125
2 0.82890625 0.8609375 0.1375 0.25078125
4 0.10859375 0.94609375 0.1109375 0.1078125
4 0.60625 0.2671875 0.03359375 0.053125
3 0.5 0.4515625 0.0265625 0.1203125
2 0.71171875 0.2546875 0.04296875 0.09609375
0 0.34453125 0.88046875 0.0859375 0.23828125
1 0.25 0.57890625 0.11796875 0.2640625
2 0.65625 0.484375 0.0640625 0.1546875
2 0.125 0.2765625 0.05859375 0.1015625
3 0.6734375 0.1921875 0.02109375 0.06953125
0 0.55234375 0.23671875 0.02265625 0.14375
3 0.03125 0.48359375 0.06171875 0.12578125
0 0.5015625 0.26953125 0.02265625 0.1546875
0 0.30859375 0.43515625 0.0515625 0.2046875
0 0.6625 0.1703125 0.02421875 0.1203125
2 0.34296875 0.58671875 0.075 0.18125
4 0.58671875 0.22421875 0.01484375 0.0546875