2 0.7694552402531152 0.8147769922013598 0.13756643138650446 0.203075523905909
2 0.8038034793062485 0.37253949522642205 0.09503802616718496 0.15674996974937896
1 0.4180982816406183 0.06367109367872932 0.045053436718763426 0.12734218735745864
3 0.24775641858526068 0.1711563407518631 0.048375857793685736 0.10649543969514967
2 0.04701241917238249 0.26684661153451433 0.09402483834476498 0.1419516715447771
0 0.35987771601089447 0.23063990417997138 0.05563389192396562 0.19088407523376905
4 0.5680094634506457 0.3044036153451434 0.03741597099021767 0.06582044272021177
3 0.7363359872693434 0.4447826547691466 0.06366692882625564 0.12767100292686617
4 0.31336527900978234 0.06377965710683761 0.025234489406069115 0.07121646984757483
4 0.48947639782092195 0.47277234114464656 0.041109389363716886 0.11582498789975162
1 0.4849001028143626 0.1893013109922214 0.06854341560148888 0.19798804810640602
1 0.9281979926016024 0.5162980647046546 0.09673630503579282 0.23954428903121966
0 0.42654448733993056 0.5207785699692119 0.05668045243319177 0.20885282523376922