2 0.8363482990093238 0.378831374194164 0.09828129631872784 0.11568527556754518
0 0.6528080529382654 0.39764737825135377 0.06612161372990429 0.0956085547885385
3 0.9009160289503321 0.1489841871003773 0.07638702564056317 0.09812958279171564
3 0.5990024644346393 0.24558604627041705 0.04239301530148083 0.08894945170428326
4 0.6984009968996281 0.27351440300812013 0.03635918507002263 0.0599613810874323
2 0.6869862696447072 0.06867980093569101 0.07377360194308018 0.13735960187138202
2 0.6698371952042169 0.3169468031702759 0.07591614474715094 0.12153980925276535
4 0.3108259524429273 0.6003316420477762 0.042393015301480916 0.08894945170428344
4 0.7527952444184287 0.3123763056059079 0.0381036215877872 0.06389490462638267
0 0.43657739309452115 0.21329351786020276 0.04041529238978612 0.13028751785690745
3 0.8981376695636538 0.4097580458666753 0.08069138192686935 0.07322504017804192
3 0.33697538358400847 0.5249361757329962 0.04502570967712849 0.06167388555165907
1 0.4736791710113959 0.47259065138326706 0.08018626778268043 0.12942049310014117
2 0.3738952249831186 0.7881395592560606 0.06692213440806878 0.11279605478853831
1 0.9442464979330853 0.1739881412402926 0.10270127667402029 0.1938239123370204