2 0.6849232186417303 0.2401583060948138 0.040715276237772005 0.08244942067154523
1 0.8184288794756578 0.5653684861154946 0.14732783923665985 0.25076416335136287
4 0.5362288424321932 0.35022255474217834 0.04008594468185844 0.058239761338317916
2 0.7007232529131846 0.3044480727641319 0.05026458148532651 0.09895566800604519
4 0.4624966688676094 0.47523109806649694 0.028731215728545756 0.06435340133672707
2 0.7934490792074265 0.2828554307765404 0.05380681043863902 0.09275112133990877
3 0.6159835028425974 0.22919298675204153 0.022799734144397378 0.06974942600254534
2 0.900346008386618 0.5280144841263124 0.10349526827467699 0.1550062206794994
1 0.6057362475809256 0.23063730808399613 0.05236540777956833 0.12162100867281786
0 0.5316624397731224 0.3212435794079965 0.03488177616718495 0.15654999200349984
4 0.6145457453030255 0.6028668440881323 0.04278601045275643 0.07778919267186346
3 0.8543957425310152 0.45790143145285817 0.058896128840373055 0.11310907467377226