1 0.8285044130046806 0.36326615343552965 0.13207896543677008 0.23839391304124008
2 0.4587994080617648 0.408180895190086 0.059619033611827986 0.16246917889684287
0 0.6355661323957833 0.12509683745287004 0.04184128460041112 0.16611011838761663
2 0.44732735026683007 0.2880427004376404 0.05091519566510634 0.14013915258848364
3 0.4019485246773983 0.25405410828779595 0.030987356235510254 0.11014083944842143
1 0.6931465276431478 0.22306462961683202 0.08842712452429886 0.19999927097610026
2 0.5154764668824636 0.1266354926016024 0.04036235623551025 0.11068687101845254
2 0.17995689467871087 0.8819270212584488 0.13125129448624287 0.21808141304124007
4 0.41540496334806043 0.9375799688534918 0.08574118182494192 0.07669827886860787
2 0.605439644715892 0.4627711427004244 0.07725220258518864 0.17440773677523325
1 0.2689702455141947 0.39975228711405164 0.10827670950527093 0.20894933674699842
1 0.5343272845632301 0.19958016893819655 0.0637481180985084 0.1681654420510225