0 0.8194555445903646 0.37082349981256874 0.06123800273047451 0.18733765226045138
4 0.411824851771957 0.41156544111069415 0.03328974385167989 0.08279496941479181
2 0.623892538834828 0.1980075149145481 0.030927813133520842 0.07961541802802086
0 0.49288045081343945 0.6448669439604857 0.046003888170898045 0.2541614763486459
1 0.3591760538619426 0.22604682161965245 0.04762949980360833 0.1307785277354167
3 0.5415532583878153 0.41557818104270783 0.026435755853732524 0.11310006525447917
1 0.16477661406859712 0.2532308367216318 0.0726340449831481 0.13214165919430557
0 0.4992566740788599 0.39781010600458294 0.03080106898725319 0.19209723423243047
2 0.9002106409013726 0.4181693188667701 0.08283574677854624 0.14019054853697915
2 0.6700135599120669 0.20162217097472168 0.03406190349260037 0.08125065321038197
1 0.5409578398681003 0.3132344310427079 0.030646532882899535 0.16553473423243056
3 0.5404987767345796 0.23432818104270786 0.017632927594901204 0.07696254350298606
2 0.8317742582896195 0.4736757428787146 0.08291756001026265 0.15425304853697916
3 0.5898038851458359 0.2480263519205203 0.020776108313060603 0.08016027868534721