4 0.17904508222183435 0.4323784024473093 0.0311706436467305 0.06652734734092931
4 0.8166616441100667 0.5110058044710956 0.05291915807470069 0.08650591837349922
4 0.14747015609096623 0.6192035682605598 0.06860864546082905 0.1115892183593818
4 0.554399713169875 0.6906576941877483 0.0503323606144388 0.14638915258848365
2 0.5010539691603249 0.7611375231834131 0.09162453792643319 0.25716702886860787
1 0.8898932690676575 0.6781015701855239 0.18587553493120837 0.2993005919380831
2 0.2637276170682247 0.47332119183926097 0.07086311542376222 0.15382222099021767
3 0.4812697811333752 0.47581467321164794 0.030873032484137575 0.12498458944842135
1 0.05975072291574899 0.42518898677523326 0.11950144583149798 0.22106990514873245
4 0.6204488430216075 0.5254113967621145 0.05294643992586625 0.08728716837349922
4 0.47434765853803695 0.4722801495341248 0.03745784918169335 0.09028336575678075
3 0.45994287423980074 0.6381858705949295 0.04255706614940173 0.16932612364928837
0 0.06528517178488087 0.3498172604527565 0.06718504391688299 0.1824554552052021
0 0.15801087432461883 0.2949393156297238 0.04737105172143128 0.15089464206513997
0 0.7772593490120574 0.6081314334526431 0.09012652531256152 0.28124927097610025