0 0.5 0.38359375 0.04375 0.2703125
3 0.209375 0.37890625 0.06796875 0.153125
3 0.396875 0.07578125 0.025 0.09765625
0 0.39140625 0.10546875 0.03359375 0.19296875
0 0.4953125 0.1296875 0.028125 0.2015625
0 0.72578125 0.259375 0.06875 0.240625
2 0.43359375 0.27265625 0.0578125 0.16328125
3 0.12578125 0.26328125 0.065625 0.13359375
3 0.046875 0.4734375 0.09375 0.1671875
1 0.26796875 0.165625 0.0796875 0.21171875
3 0.34765625 0.18125 0.0359375 0.11875
1 0.29921875 0.14453125 0.05703125 0.20390625
4 0.12734375 0.17421875 0.0375 0.08359375