2 0.16479499886834623 0.4082577638537389 0.09639804443664754 0.11437717721213972
0 0.3429166768420789 0.43136143176025366 0.06416539857509047 0.09417168507002263
3 0.10086421641748636 0.18472606451569265 0.07444447930778511 0.09698847001621065
3 0.39377209068231733 0.28643422952672337 0.04118159995457145 0.08686645326698769
4 0.29763075305221776 0.3107920665826073 0.0358423247398008 0.05934076674922295
2 0.3082020036180446 0.11099327377853634 0.07279012607385331 0.13977528349844598
2 0.3255820126631561 0.3533990975998539 0.07406934305716657 0.11957194540910479
4 0.6748228533454734 0.6377592508240604 0.04118159995457145 0.08686645326698769
4 0.24573073835289666 0.34656259263745515 0.036787349050060314 0.06250215405277597
0 0.5506052668470277 0.26022710214796785 0.03940441598794493 0.12730951674922295
3 0.10549524197094126 0.4366695541766104 0.07786272840327398 0.07298804383752824
3 0.6483179070543751 0.5632665190210254 0.04373671189493056 0.06126713978475227
1 0.5168731552453527 0.5088251139347921 0.07838502883281535 0.12756638192686937
2 0.6148724004956545 0.8173332808078497 0.065025213703953 0.11057793507002245
1 0.057643160899562375 0.2076519882131757 0.10349457146044047 0.19030397642635144