4 0.2296875 0.501322867244561 0.06015625 0.06998932237357565
3 0.04375 0.907506438998964 0.0875 0.168919127997928
4 0.21484375 0.4146940084770554 0.028125 0.08412244292790536
3 0.3265625 0.6136473928851242 0.04609375 0.1341781009096227
3 0.72265625 0.736002005786459 0.0515625 0.14693281203449332
0 0.38828125 0.28839698986580553 0.02890625 0.1521275802314584
2 0.478125 0.34180027977439237 0.0375 0.11190284057054053
1 0.71875 0.8842782817912124 0.10390625 0.2314434364175753
0 0.98671875 0.763144664387349 0.0265625 0.2348309183207995
4 0.98984375 0.6820402136015606 0.01953125 0.0798159325888232
0 0.7921875 0.44470922580266964 0.053125 0.18528683664159917
0 0.52578125 0.472144905291121 0.03046875 0.19204410483856424
2 0.45546875 0.4235575479713575 0.0453125 0.12945421360606985
1 0.70625 0.4391441224118475 0.06171875 0.19818709698068132
3 0.753125 0.42492111062502325 0.0359375 0.10558006596343468