3 0.12968956769662654 0.5846403023577272 0.056299127276173255 0.13807034437251212
3 0.3491646448936575 0.470353673384804 0.03222512978345567 0.11524033942959626
0 0.8451337451184491 0.8566931496216267 0.14221154671392994 0.22116402866891213
1 0.405147871932404 0.42359407851800024 0.06333638895465583 0.19219942885919253
3 0.17026910359000386 0.584547460456673 0.05319685932948461 0.13872426038012337
0 0.22080997585161216 0.4030136175670357 0.04578517610167428 0.17899909190105417
3 0.28936609606815644 0.5141474357420937 0.03872518236988043 0.12408875741437378
0 0.639496476709542 0.5490411115983556 0.05987641983346812 0.23419592787060922
0 0.5544585839939625 0.7093512119023668 0.06273464687221449 0.2787908448668038
4 0.4497496666012699 0.4998090686321685 0.04735838479802048 0.07215884288963732
3 0.012376664885410222 0.43598657954376446 0.024753329770820443 0.10615184091247105