4 0.8921875 0.303125 0.04609375 0.10703125
3 0.45078125 0.05859375 0.025 0.1109375
2 0.20390625 0.20078125 0.08046875 0.15
2 0.8 0.6734375 0.1234375 0.1890625
3 0.74765625 0.3796875 0.06015625 0.1296875
4 0.9578125 0.625 0.0765625 0.12421875
3 0.5 0.4546875 0.03359375 0.13125
4 0.2921875 0.5140625 0.040625 0.078125
2 0.54609375 0.03984375 0.03984375 0.0796875
4 0.61796875 0.13515625 0.046875 0.06796875
1 0.89296875 0.1703125 0.134375 0.221875
4 0.24453125 0.175 0.05546875 0.07421875
2 0.41015625 0.03984375 0.04375 0.0796875