3 0.062478049510237374 0.4009170626591366 0.0713449403401976 0.10471531934277216
0 0.3457721960222405 0.06919380064450102 0.03841939204448099 0.13838760128900204
3 0.7859098210205928 0.3026371738940503 0.0478528932622968 0.10131759933959064
4 0.641796951293951 0.6864229225811858 0.034930153408566686 0.07695339867122719
3 0.8694428900125907 0.5220224258832327 0.06747960064862327 0.10701361600890866
1 0.794646072645446 0.08686672322568677 0.08087962743398443 0.15872156667727222
2 0.5626711440730758 0.2270939232575035 0.04351994926865146 0.12157555533895428
4 0.08844448579324521 0.32169263932209147 0.06586650771063776 0.059348275342135895
4 0.12771686038456048 0.7361636719844098 0.08408071956119079 0.07361986067790856
3 0.5187513689092724 0.4417109539306396 0.027608577109672794 0.10498749200349984
1 0.9280075921239112 0.3853758538749603 0.13492224512873605 0.1671613226845901
4 0.3488716968330194 0.1998881752864567 0.024047200486467267 0.07995112933640894
3 0.889911528406919 0.30689686521327825 0.058009143262297155 0.10143577800763595
0 0.9737557842924804 0.46449064186827876 0.052488431415039116 0.16319089067472686
1 0.487743282060367 0.18733253660091212 0.05760576866768634 0.1678238466740906
0 0.6077205913131323 0.2562632552514583 0.036402924511885 0.161328398671227
1 0.445672784495999 0.10499275127309367 0.056606330356083666 0.1553147560073178
2 0.6708773360381265 0.11409338924254964 0.04724892126547413 0.11146475867281791