0 0.4807120086330469 0.2392150896948698 0.021049391351044732 0.13080966923687926
3 0.23824959926004885 0.5355754411542717 0.052353935351681 0.13604264001588612
2 0.034895660805228566 0.4884079350651918 0.06979132161045713 0.15129549310014098
1 0.6785126146165024 0.3576127134787014 0.05519767202418073 0.17905230032431163
2 0.8702984832511401 0.5901546578793841 0.10058289735836254 0.18609323295387145
2 0.517220031269912 0.45806450122111125 0.04932893268618095 0.14458184293798534
1 0.42445291796627427 0.24097818709708202 0.04433235001590834 0.11793752232113439
3 0.16387576058245842 0.6173260474849378 0.06816983935390812 0.15272162540538936
3 0.24130351595322944 0.3402493043847966 0.03467553934595395 0.0935551310874323
2 0.9082001146165023 0.3536035032530015 0.06618916868236298 0.11675685186643917
3 0.821236463956093 0.3090370714342205 0.034620995345317596 0.0888676310874323
4 0.6675018419398665 0.43122749148187867 0.034348275342135894 0.06543013108743238
3 0.717092761935094 0.46551098823546777 0.04048064401654479 0.12255683847375849
3 0.6274319199554566 0.3171064902640627 0.024473836012090366 0.08947160308425506