2 0.8084058258984473 0.8451340392771955 0.13413704098882065 0.21471231914462657
2 0.8250179963498473 0.3860591396400153 0.09188531128136006 0.16482888103285873
1 0.4100647467535891 0.06435025371301509 0.04079436972334651 0.10058284255827141
3 0.23811583441656872 0.1521528101589518 0.045686421265474134 0.11246528366526394
2 0.03994029728141922 0.24285218811176765 0.07988059456283844 0.1497668762235353
0 0.35733739285855515 0.21885421523842769 0.049557489446693206 0.2000471292187603
4 0.5770674659110382 0.3046999791182438 0.03557503571381489 0.06995040145127884
3 0.7580975032497062 0.4579862141421193 0.060912000810778896 0.13485863883740717
4 0.3017437321430925 0.04493307640102061 0.023075035713814973 0.06951389183263199
4 0.5021378295486001 0.47719004881102445 0.038037562499176225 0.12156746515360961
1 0.48540389164073916 0.18189490697839245 0.0629614703719696 0.20754217068857256
1 0.9544309866106147 0.5406697724869727 0.07777399269310407 0.25100199400955037
0 0.4395735998411395 0.5234722825689555 0.04987113514462216 0.21801587921876014