2 0.6970432266329863 0.2421875 0.03862804853697917 0.08203125
1 0.8577326855985422 0.5671875 0.13943074838447914 0.25078125
4 0.5566929431979863 0.3546875 0.03808253466927099 0.05859375
2 0.7180837316669795 0.30703125 0.04682240824437507 0.0984375
4 0.4932142842880213 0.48046875 0.027272321238402952 0.0640625
2 0.8097439015948614 0.284375 0.050601371675243104 0.09296875
3 0.6272755872903126 0.23203125 0.02114960780753474 0.06953125
2 0.9373104296146184 0.52890625 0.09891289152687506 0.1546875
1 0.6163744548814932 0.23359375 0.04893042211208343 0.121875
0 0.5505332089655559 0.325 0.029436192913646055 0.15703125
4 0.6563344929692366 0.6078125 0.04008144576343753 0.07734375
3 0.8856920718070838 0.459375 0.05576165036059031 0.11328125