4 0.4919915155242786 0.3859375 0.04091023139567849 0.09765625
0 0.5507365768643567 0.225 0.03766123502387551 0.18359375
1 0.9474602986413885 0.13984375 0.10087799763774755 0.159375
0 0.7926884307705555 0.45546875 0.09896332277282358 0.21640625
1 0.6985118448357062 0.4453125 0.09466769237293704 0.25
1 0.4992732805852211 0.24453125 0.06821183057737183 0.1859375
3 0.46313734002638274 0.4515625 0.03502481914462656 0.13046875
2 0.6383034872164922 0.62578125 0.09580111723786082 0.19296875
4 0.09732382315134167 0.6359375 0.09287203547936249 0.08671875
4 0.7765524769648732 0.7609375 0.07243304990733286 0.10546875
4 0.19292404374724698 0.47109375 0.04231896397248334 0.115625