3 0.58203125 0.16875 0.025 0.1015625
2 0.5546875 0.60390625 0.08359375 0.2328125
3 0.12734375 0.59921875 0.096875 0.178125
2 0.29140625 0.1640625 0.05234375 0.11640625
0 0.49921875 0.1875 0.028125 0.1953125
4 0.94140625 0.94140625 0.0984375 0.1171875
0 0.35078125 0.27109375 0.0484375 0.2234375
1 0.57578125 0.24453125 0.07421875 0.20625
3 0.55625 0.87109375 0.0640625 0.209375
2 0.65546875 0.21953125 0.05390625 0.13203125
4 0.715625 0.18515625 0.02421875 0.05859375
3 0.5 0.440625 0.03515625 0.15390625
2 0.07890625 0.26015625 0.0890625 0.14296875