0 0.5630943413324004 0.7834608689493057 0.048875193193648414 0.12807409034363298
2 0.7899976699247628 0.4219003284693871 0.08401419714798113 0.14862560775648764
1 0.41310497570535015 0.9159503058566083 0.10770370653952135 0.16809938828678347
2 0.8999005464262282 0.22253549355282098 0.08369586216700924 0.14081310775648764
2 0.529878570609335 0.4842111414505429 0.05985911414417551 0.1489188568519765
3 0.8228605439547703 0.23024177295146311 0.05361177273741298 0.11039194538658723
4 0.9296531471501688 0.9334187618701867 0.07317485623551008 0.11219678482570891
1 0.9615794871484187 0.1114618747150569 0.07680919220506546 0.12486055913596861
3 0.8880612133480603 0.98715467774659 0.09511618182494175 0.025690644506819994
2 0.9455420157801498 0.37055026967210275 0.08863803015178676 0.1473087692218769
1 0.7187553171864748 0.11439436566994536 0.08436436562705048 0.1572193577564876