2 0.5139285137101801 0.42890625 0.056800615423762225 0.15
2 0.7587995588081895 0.3296875 0.07101688284695733 0.13203125
3 0.3596626874787955 0.08125 0.021287212158384784 0.07265625
1 0.21867309972984753 0.1140625 0.05865329210278443 0.1359375
4 0.3623957847615723 0.3609375 0.04674107994439965 0.06328125
0 0.6730951825846541 0.4125 0.06248018574951501 0.20078125
3 0.13625741461330473 0.1921875 0.0414186628840242 0.08984375
4 0.7701487426587879 0.496875 0.07136905771188111 0.075
0 0.42086308230665237 0.09609375 0.02500497840045366 0.134375
0 0.7837151909373565 0.6453125 0.10715776868913948 0.22734375
4 0.2631919368458233 0.20390625 0.03932788402808365 0.05234375
3 0.013519319059808448 0.45078125 0.027038638119616897 0.1234375
0 0.3031844758685649 0.35625 0.052777803535529876 0.19140625
0 0.2586780516366133 0.1765625 0.044464306530754706 0.1546875
1 0.4669989500078492 0.43046875 0.08172125907049263 0.21484375