4 0.415625 0.8177955454901582 0.053125 0.06888058664159899
0 0.5921875 0.48383157609311994 0.03828125 0.15725172787409356
1 0.48984375 0.45797108932768626 0.0625 0.18650473428423436
1 0.3890625 0.6173396271693585 0.08515625 0.1984974660872691
1 0.8625 0.9245479960175821 0.1703125 0.15090400796483577
1 0.16171875 0.4192509218354562 0.10703125 0.19170381058675118
0 0.71640625 0.7763359073580356 0.07421875 0.15267554383752824
1 0.71640625 0.6208671573580357 0.07578125 0.2097795684446341
0 0.7109375 0.5213936962331651 0.059375 0.15901543507002264
2 0.27265625 0.2275429189399721 0.04921875 0.10854240012383451
3 0.33125 0.41620946670644177 0.03515625 0.09851242865988183
0 0.0375 0.29549659057054056 0.075 0.15349318114108118
4 0.2765625 0.7902248554577367 0.0359375 0.08136131596343468
2 0.3546875 0.8954260858130297 0.078125 0.16301373035529282
4 0.36484375 0.1216803707592177 0.02109375 0.059576207195929064
4 0.0234375 0.6971853691065879 0.046875 0.06937073821317571
3 0.3359375 0.35705279052775935 0.0328125 0.09605951674922295