0 0.5838391781929163 0.4836002920519659 0.05685398451677095 0.229444760874415
0 0.13621668294256895 0.5982995316346615 0.10334777801975714 0.2485104372621496
1 0.7465242822007289 0.31428124216569675 0.1050180743725349 0.18613777125453818
0 0.5909814905976039 0.37832254304054913 0.05098519101378489 0.2120344263877346
2 0.5664496968102772 0.5923704555881193 0.08105389751079883 0.19608843281352523
1 0.8246310984051386 0.3182458419754163 0.10472778685347243 0.2071996877564411
3 0.0115148089862151 0.4912935034600411 0.0230296179724302 0.14196200692008212
3 0.5974691863610414 0.3011697940291323 0.035412782769409824 0.1130557569200823
3 0.6732497831506594 0.3378832268426575 0.04411563554295146 0.11809342539915138
2 0.6282106932948957 0.2906925504549229 0.05854181145475703 0.13429142836490088
2 0.4512819045415622 0.43362551387734544 0.058469729482778024 0.16472834486680377