3 0.0248046875 0.04452442953720864 0.049609375 0.08904885907441729
4 0.7038809196980653 0.6510638928441222 0.036437469749379045 0.08719246515360979
4 0.1819746243221338 0.5404092012737935 0.04905564441741399 0.10794147477225664
3 0.4322508385123679 0.7527181951985258 0.04103406615858276 0.07173115626060227
4 0.5179984827333902 0.5138342552726596 0.05428804508134384 0.0675074477304145
1 0.35615999542281374 0.9428372529104069 0.11458065046753826 0.09304565027015244
4 0.4547929381430255 0.905805989663563 0.034270981751431506 0.11757936960011328
1 0.6600506691088901 0.26361102206288256 0.08874083401436791 0.21633681733052795
1 0.4360677475641131 0.3651636314961949 0.07823460518980259 0.15582590326537735
3 0.7241449853656687 0.25590516026731747 0.0506181444174139 0.10799603847458741
3 0.4395790878249969 0.2986482540915332 0.03498405405833438 0.10588790145127884
1 0.37052299815328826 0.7564359614405947 0.10873517144658126 0.162358645460829