0 0.7265625 0.3640625 0.07890625 0.13359375
2 0.8015625 0.36796875 0.0921875 0.134375
2 0.12265625 0.28671875 0.10078125 0.1390625
3 0.07578125 0.328125 0.08203125 0.096875
2 0.20234375 0.39765625 0.09296875 0.13203125
0 0.8234375 0.23046875 0.09765625 0.15625
1 0.58203125 0.59375 0.07578125 0.1671875
0 0.45546875 0.42890625 0.0375 0.12109375
3 0.034375 0.58203125 0.06875 0.0734375
3 0.09453125 0.7546875 0.09140625 0.06015625
0 0.5 0.4671875 0.03515625 0.1140625
2 0.19375 0.0609375 0.0828125 0.121875
3 0.6890625 0.240625 0.04921875 0.10390625