3 0.5717887115562463 0.17575711972005129 0.030404552238563552 0.10356137662320544
2 0.5205715338096563 0.6158911960189452 0.09669901684702768 0.2366290211033185
3 0.08878594527504553 0.6036625624991763 0.10707327283992148 0.18139209618439622
2 0.27750312302163554 0.16592855762791223 0.058526230212296235 0.11888241355483639
0 0.4864310656946893 0.19303434861673294 0.038483725123913716 0.19814717370110616
4 0.8950714083016299 0.9517523630245348 0.10585493159177731 0.09649527395093038
0 0.3319682157401178 0.2755723388775003 0.06105144391624915 0.22664036647693572
1 0.5614852973773236 0.25299177556424995 0.08593193520982183 0.2099028798696163
3 0.5079675559722092 0.8862309695578954 0.07593945952008134 0.2128506018664389
2 0.6432642418593997 0.22939636282019243 0.061688851763593885 0.13454832386326193
4 0.7052629528498191 0.19529014406978054 0.027330461894930557 0.05979773985373025
3 0.47378282225341 0.4492979853862081 0.043304021935410296 0.15608240462638268
2 0.05758236940359094 0.25905344602224045 0.09819956184950204 0.14611311525911974