0 0.38132923538620817 0.5012112480505886 0.051338177758295876 0.211492030673136
0 0.7944077081938097 0.6286491887730407 0.09457966314779931 0.22761701734563572
1 0.2316041505658976 0.3362209526973168 0.09669554220663672 0.16984088001272674
0 0.3749371392018118 0.4035004540499522 0.04558305559931739 0.19502214600572695
2 0.3971645154179802 0.6029373800524975 0.07421657020981395 0.17973350067631771
4 0.9655212288933864 0.40802924813013036 0.04833413433384308 0.08413919000636341
1 0.15896153733537277 0.3361567706874536 0.09625521144351597 0.18936303934595405
3 0.9412224326262646 0.5374076654598579 0.07726370373287814 0.13056020401018137
3 0.36976266964062104 0.33079875071608866 0.03228244034019765 0.1042607860041362
3 0.299228027189103 0.3620027500397709 0.040176760957048606 0.10903919267186338
2 0.3414603916374438 0.32031523671227063 0.05370347280760175 0.12325623400699967
2 0.5040303498345489 0.46046007340067874 0.05263189650870785 0.15136305267345412