3 0.9649429537208644 0.04762806789281694 0.07011409255827132 0.04106292069139796
1 0.41822407787584714 0.9608045123876042 0.09219991288402411 0.0783909752247915
4 0.2821998201561168 0.6080387866848002 0.03723959437236992 0.08303146034569905
4 0.7849205707890891 0.49988558669743544 0.049640390651505585 0.10290369114536908
3 0.5377107209744235 0.7038443463308538 0.04140873920022692 0.06832410266556703
4 0.46509914411006664 0.4765029448397858 0.05374504809323426 0.0640003155185486
1 0.6009472978387802 0.9209222257518517 0.11392363466105593 0.15815554849629657
4 0.509925482955323 0.8500601167848251 0.03593255471665628 0.11265076418576499
1 0.33890869945969504 0.23821803167023523 0.09068703130301126 0.2055573297043134
1 0.5490525365756709 0.33426763222423117 0.07853920616793494 0.14823056301126591
3 0.2781348905666876 0.23175743151195066 0.051202890651505586 0.1029491552519918
3 0.5481646483712359 0.27011420401098585 0.03630457694917481 0.10095474623907634
1 0.5970311572720925 0.7071344823825157 0.10841767912609299 0.154563131037097