0 0.3921875 0.8734375 0.07109375 0.1796875
0 0.16171875 0.53515625 0.109375 0.2015625
2 0.13515625 0.79375 0.13828125 0.19453125
1 0.3859375 0.48203125 0.0953125 0.24375
4 0.55859375 0.4984375 0.05703125 0.08671875
3 0.54375 0.440625 0.0328125 0.12421875
1 0.70234375 0.2390625 0.0890625 0.1953125
4 0.38125 0.14296875 0.021875 0.05625
2 0.50078125 0.60234375 0.065625 0.178125
0 0.5 0.41796875 0.0359375 0.2
0 0.05703125 0.5046875 0.11328125 0.2015625
1 0.88359375 0.371875 0.10859375 0.23125
1 0.84140625 0.43515625 0.12265625 0.23515625
4 0.13359375 0.0625 0.04765625 0.05390625
1 0.8046875 0.1640625 0.08203125 0.1890625