4 0.9580846534363305 0.947628374143785 0.08383069312733901 0.10474325171242996
3 0.6763256411118587 0.338784623478195 0.044299955902036815 0.1157347559839236
3 0.040578491632257 0.20850348423243056 0.06165455223856362 0.10443423328250008
3 0.5123151300305822 0.46995862224392404 0.0363203595655099 0.1272534842324305
2 0.2734618334462281 0.08127340947864606 0.04985391508343388 0.10259897634864587
0 0.44763955562946567 0.6354368454584378 0.059615096675211275 0.21440864532659737
4 0.03665895352718757 0.26771483007211805 0.039912349050060324 0.06179213839274311
0 0.3999600514455941 0.7381065973582989 0.0760213466752111 0.2147905050339931
2 0.31732577736247725 0.3078001950978475 0.06740326322898298 0.13968140226045148
0 0.14659944029820454 0.13216114941065985 0.06797315128862395 0.1654444684648612
3 0.19535784486618885 0.16918967714607655 0.045002640773174375 0.09936487357510422
2 0.13408615219313508 0.1911724734988543 0.07349281094499087 0.12187630642076393
1 0.48267405415912756 0.812599410712917 0.07933445443169873 0.29289732123840295
4 0.057237047150180964 0.18392171153100698 0.05923888116223595 0.058340483282500036
3 0.25667820443169875 0.29702504283739606 0.0496049315917773 0.11273704255305557
3 0.4513300424004826 0.49741016859670173 0.04187099672063965 0.12894327080156245
4 0.3291020810713789 0.23472637100965305 0.03538530133405242 0.07963360182361115