0 0.9286115641207339 0.39666448679181243 0.07469385714144465 0.20707725067631771
4 0.6729694902574721 0.3390134294239049 0.03301309740221221 0.05662271733768165
3 0.7267393725627204 0.3318281854312228 0.03129663879807012 0.09253294533736352
2 0.5723246079522237 0.34565323341022375 0.04178017126547431 0.11140112400540883
4 0.6553825698027769 0.3606793440881323 0.03463014448011279 0.059765898671227016
0 0.5011956761334428 0.4323078014003605 0.038316026378324076 0.22618123933799977
4 0.99404101075353 0.43652696546781194 0.01191797849294005 0.06740567600254543
0 0.3319762974816425 0.313956148710998 0.034963155437161574 0.16834146733768166
4 0.4281848701270884 0.41114986939049736 0.04194776663909146 0.0762539646721816
4 0.48842689488385477 0.37201519139876976 0.027063106330665932 0.07373749200349984
1 0.78179506533855 0.35355828210531337 0.06247054667086367 0.17803464067472685