2 0.18017556722365585 0.30998807440111653 0.09085444615939804 0.14430659995457146
2 0.9600995357032719 0.15843786748302696 0.07980092859345618 0.1396190999545715
3 0.3896779012160446 0.30214019561372985 0.04189302273741298 0.10977779172311397
2 0.4551596852849832 0.06488168348648546 0.04662694368794007 0.12976336697297092
2 0.8971137164253531 0.18942559588630095 0.09150836216700924 0.14122254353213637
2 0.521539349352609 0.4447670296257848 0.059046030646078405 0.14809666327441154
3 0.5942632890490354 0.1544076232487782 0.0340168557412186 0.10780585594746528
2 0.26303980536065774 0.2492752244465451 0.07669644566510651 0.14122586555840372
4 0.3947778725843136 0.5618018006566838 0.04205219022789901 0.11368404172311415
1 0.4854705622807399 0.27050069199568516 0.07670837452429886 0.1989155348257091
2 0.30106372878264276 0.2793821263009959 0.07441636266130089 0.1426655348257091
3 0.7952872085538687 0.5533386889434675 0.06904577174882984 0.10652331693788461
1 0.633519448630856 0.11868480721540461 0.08222620406806343 0.18127433344622812
4 0.7924712732688857 0.46501649536590256 0.04420493923931588 0.10911937245580869
2 0.8749494867284893 0.6830427990748043 0.11932961463846717 0.15437431874690688