0 0.07828610944458579 0.8203312286759996 0.13830961668522643 0.13830961668522654
4 0.5330034040022271 0.022606084738996675 0.037881808004454245 0.03324885200509068
1 0.8340237480505885 0.38231053811263116 0.1455777713637712 0.22588234201940818
3 0.42208211012090346 0.8954157813892248 0.05431587734722676 0.10296191534054486
3 0.2723680853755435 0.31406468936981646 0.053743712682999246 0.12092157467377244
4 0.807268154678545 0.0968815681094495 0.03842724801081765 0.08012385200509067
3 0.34666339210690417 0.791427168045816 0.0629823526814084 0.10931191267504517
3 0.4975873560629971 0.4697896200668151 0.03342212201622648 0.11990396733768165
3 0.4617258654519036 0.8786919053946335 0.04730280868077195 0.10444259933959046
3 0.899544586131403 0.9728049847230883 0.1148079346753633 0.05439003055382337
0 0.7363947700509067 0.3835179547660409 0.0826777820257714 0.19078008867759041