3 0.5658004743594368 0.07695924864923762 0.03251074710451594 0.11189236479078998
2 0.5132446311028092 0.5522419908446893 0.1032321236547018 0.25709822658635506
3 0.052160649608233155 0.5638417559904498 0.10432129921646631 0.19821429990733286
2 0.24808643548430737 0.08259421207356679 0.06296238047912742 0.12933532513507623
0 0.4734481544670607 0.10381817316665927 0.04040248386994953 0.20763634633331854
4 0.9110227357364856 0.904161577875847 0.09641058126491586 0.1273834447351895
0 0.307508477254921 0.19673606842683627 0.06447783870851378 0.24560516587924913
1 0.5549121701828265 0.16001728530972648 0.0917295434232436 0.22783731252120448
3 0.5019795295740138 0.8443476452911931 0.08093759263745533 0.23058036660488845
2 0.6429044758071789 0.12964524983036396 0.0661066511572919 0.14660467068857255
4 0.7102760663777195 0.08985357433246803 0.028765008891340215 0.06496280108845913
3 0.4621659363128769 0.3761904115332618 0.04610452026387968 0.16930556070710595
2 0.03164595223353035 0.19411209854872116 0.0632919044670607 0.15865080290255767