0 0.2609109140676259 0.3813853136245 0.08932377965749527 0.14111133421075958
2 0.1821638315581119 0.38575062675802074 0.10341811315559242 0.14197439744247609
2 0.8943189802655176 0.2964309922995558 0.1122346976422726 0.14749314441741398
3 0.9452885726608633 0.33911339598854784 0.09088893825073256 0.10284826492891881
2 0.8146871714819998 0.4133281216898551 0.1033226126613009 0.13963064744247616
0 0.1535865509120335 0.24056993696467516 0.10984186809850827 0.16544371369925476
1 0.42312304847775656 0.6226865036142373 0.08685003707186904 0.1762448583130606
0 0.548836678402082 0.4476950730924697 0.04506444368794007 0.1283568041565303
3 0.9812221021761951 0.6068594321910972 0.03755579564760971 0.07769827400410509
3 0.9440934175648481 0.789227025477043 0.09945351334587293 0.06384485226293642
0 0.5043982703031361 0.4885882386853185 0.041621108706968 0.12052612343837091
2 0.809609763345873 0.06105979349991841 0.09187577669174588 0.12211958699983683
3 0.2946890533834914 0.25147055464750956 0.05601918973360735 0.10967498184962743