2 0.6999443784042695 0.6060403192380033 0.09541195357377177 0.17859718528498317
1 0.40730323365119653 0.49003733996106885 0.08477288391583908 0.24289976581733086
1 0.2220501190499104 0.2352039654367699 0.06832287155854946 0.18373301285158128
3 0.6279646076440228 0.7017083049035472 0.061135112661300894 0.14132267836490087
2 0.33278734779537217 0.34066473965705774 0.060258362167009236 0.13894709486680368
2 0.7966986560845984 0.4785148385153752 0.09383486612134195 0.15903410178688587
1 0.2237439757425312 0.5201201349044223 0.11774455140632512 0.24814302273741298
0 0.46600441300468065 0.432173101824067 0.04167945851668762 0.1998063404181794
2 0.338809196122217 0.2696983236494465 0.054312109695551315 0.12700551038012337
0 0.22271337494422844 0.6030281353987139 0.0883462114824372 0.215747016805914
1 0.6352438443353311 0.36942238691876966 0.0942632890490355 0.1886897682887887
3 0.9469931333471855 0.5926303711386198 0.06631736117842593 0.13451426285158127
2 0.2835553048291851 0.14693464429596242 0.04876510524692703 0.10572075939154013