0 0.24477757853282434 0.9754961126241198 0.08938976400381797 0.03175401878308008
2 0.3511093945337788 0.9641355068829011 0.07860680533895428 0.04458959980971926
2 0.01171779215070528 0.3025838305323477 0.02343558430141056 0.13698800543720752
3 0.7721433412635486 0.48235633589519306 0.06503520134468133 0.08620409684397004
2 0.47559560526736677 0.46632806517212744 0.05538802868395365 0.12954026136870667
2 0.10334788792968505 0.5135120602663926 0.10224484735040829 0.12988777125453838
0 0.7783671639481387 0.35013408490660985 0.09060791335136287 0.13644151878308036
3 0.038728501292979126 0.6303122411027514 0.07745700258595825 0.07843801779449713
3 0.015515364656273206 0.2040189965399589 0.031030729312546412 0.1044620069200822
4 0.37664376865850036 0.045974732814072085 0.03467553934595395 0.09194946562814417
2 0.347572244629229 0.2614880093543591 0.06409995735199914 0.14004667984777566
0 0.5559519832113693 0.875358213879533 0.05171758867759042 0.08253792737631756