0 0.06844753226718082 0.8152568188589189 0.13689506453436165 0.14292386228216217
4 0.543436354302071 0.005742616006215957 0.03812729139585791 0.011485232012431915
1 0.8325304874213936 0.3351387859841546 0.14685522930042333 0.22931512655018596
3 0.40790521956778136 0.8701218314743127 0.05413016680124727 0.10478169933804615
3 0.27656290544045686 0.30014543341739275 0.05443017572970099 0.12196919933804624
4 0.8140431347408803 0.05263665509074243 0.03887731371699203 0.08065284057054059
3 0.33626777313850387 0.7704172380082879 0.06361426095704861 0.11146834698068134
3 0.4957787353927987 0.44215518920836094 0.034117675729700994 0.1210231294456701
3 0.44804897849623515 0.8510785789931132 0.047112553570722325 0.10523546360606986
3 0.8807602926202645 0.9261597382176848 0.11518071509696384 0.06937504631872785
0 0.7356145771129681 0.3419945616247177 0.08375521144351587 0.1920291422659517