2 0.4970171666136388 0.36433922320334966 0.05492495202099903 0.15747166327441153
2 0.7458642939608655 0.249016359115284 0.0703317760184536 0.1395405348257091
3 0.3277250106620002 0.026022510176765313 0.019549978675999568 0.052045020353530626
1 0.18358411199077315 0.0638743922435124 0.057831776018453684 0.1277487844870248
4 0.3384512359564111 0.3031604630265844 0.04685736600890866 0.06804067107632772
0 0.6597171612826387 0.3386354590698555 0.06021243602799871 0.2092798247398008
3 0.10219720464672818 0.1414295041838715 0.04013519867918123 0.09423467887824381
4 0.7626052566040938 0.420689963253727 0.07121247601049951 0.08102867198083885
0 0.39228694999204583 0.048377496890996616 0.02244825934913557 0.09675499378199323
0 0.7795825765834129 0.5720510673921699 0.10507095003181668 0.23973860866099878
4 0.2333017539783646 0.14705098315297235 0.03968975600731781 0.05595342887824382
0 0.2783495299570474 0.3016256184990798 0.04916584802672599 0.1993316146538925
0 0.22738810864895537 0.11847228177349134 0.04169824602163539 0.16146312245580868
1 0.4485614852800934 0.36844022501237195 0.07836299936345306 0.2258465270237929