0 0.8435784181356516 0.4375345806412339 0.06985987788287566 0.18795807237357565
4 0.43896616123824667 0.44986318279371107 0.03707063206674697 0.08277826674922295
2 0.6405751696059896 0.25194802936010763 0.03460405133405242 0.08032535483856425
0 0.5309367345077094 0.6879496877561098 0.05775602555345501 0.254417826302517
1 0.37844033977780617 0.26156050806277065 0.05284944029820453 0.1310531009096228
3 0.5682409034363305 0.4628983378799442 0.0316361815917773 0.11291953101724665
1 0.18587770352718755 0.2751927067816443 0.0786716338757694 0.13303513192686936
0 0.5258520075747735 0.442219810791639 0.039677732925829726 0.19200771753501122
2 0.9266266135222387 0.49050122290718556 0.0884560696514182 0.14128427956950454
2 0.6869145810713789 0.25878238026973044 0.03776999491161739 0.08125215405277597
1 0.5636994883528967 0.36137222518349715 0.038285651288623865 0.16544521753501124
3 0.5595641870188441 0.28246597518349714 0.02115902702379291 0.07658177067816441
2 0.8606607767966505 0.5404241401945278 0.08919305404758618 0.15534677956950455
3 0.6095608649925769 0.29960212530733166 0.0236665513340526 0.0798159325888232