0 0.4625 0.24375 0.01875 0.12421875
3 0.2359375 0.5203125 0.0484375 0.128125
2 0.0375 0.4734375 0.075 0.14296875
1 0.65234375 0.359375 0.05078125 0.16953125
2 0.83671875 0.5828125 0.09296875 0.175
2 0.5 0.4515625 0.0453125 0.1359375
1 0.409375 0.24453125 0.040625 0.1109375
3 0.1671875 0.59765625 0.0625 0.14375
3 0.23671875 0.3359375 0.03203125 0.08828125
2 0.8703125 0.359375 0.06171875 0.109375
3 0.78671875 0.315625 0.03125 0.08359375
4 0.6421875 0.4296875 0.03203125 0.06171875
3 0.68984375 0.4625 0.0375 0.115625
3 0.603125 0.3203125 0.021875 0.084375