3 0.06171875 0.4203125 0.0671875 0.1
0 0.33984375 0.1 0.034375 0.14375
3 0.759375 0.334375 0.04453125 0.096875
4 0.61484375 0.70234375 0.03203125 0.07421875
3 0.83671875 0.546875 0.06328125 0.10234375
1 0.771875 0.1265625 0.075 0.15234375
2 0.54609375 0.25859375 0.03984375 0.1171875
4 0.08671875 0.3453125 0.0625 0.05625
4 0.11875 0.74453125 0.08046875 0.06953125
3 0.5 0.46484375 0.025 0.10078125
1 0.8953125 0.415625 0.12734375 0.16015625
4 0.33984375 0.23046875 0.021875 0.0765625
3 0.86015625 0.33984375 0.0546875 0.09765625
0 0.95703125 0.49296875 0.08515625 0.15625
1 0.47421875 0.2203125 0.05234375 0.1609375
0 0.5890625 0.28828125 0.03203125 0.15546875
1 0.43515625 0.13984375 0.0515625 0.14921875
2 0.65234375 0.1515625 0.04375 0.10703125