0 0.8874602199239892 0.3998294138944664 0.07828653154634893 0.19885268863808658
4 0.646453439620836 0.3403932632613281 0.0332938568519765 0.054792800079142265
3 0.6983844318189198 0.3348623287798766 0.032751624264830956 0.08909960391920828
2 0.5499502538451873 0.34540972070403325 0.043849576548823065 0.10736387061225568
4 0.6281604630265842 0.36098690808847866 0.03502013116223601 0.05796326418576499
0 0.4752567910457454 0.42695758590601257 0.04411292740790564 0.21657974623907633
4 0.9604949282008753 0.43951169101235515 0.039335816937884974 0.06588942445232178
0 0.3216957790599579 0.3113827470304991 0.03886218340079957 0.16104280007914226
4 0.4067491304848675 0.4054031831613033 0.04287025271353358 0.07379285266556704
4 0.46734911578554633 0.3688268371596538 0.027903671980838853 0.07101719365265158
1 0.749704592379798 0.35591662635173643 0.0651347563315781 0.17116795783841648