4 0.3942262043538365 0.109943384737585 0.03795635698624169 0.058439791395857824
0 0.9714924814592919 0.7628397029155087 0.057015037081416156 0.1279670872559425
2 0.5365179195922641 0.4731445884704632 0.057336328763273416 0.14388241355483639
0 0.6313022069705433 0.9292094021874554 0.05667164065150558 0.10248980032431163
0 0.6202827620657175 0.1888435008074836 0.041076411702897886 0.17014490462638263
0 0.09931808618930348 0.96484375 0.13370536660488852 0.0703125
4 0.608276324586922 0.26983440218745536 0.03664931733052797 0.0880863810874323
4 0.24638893819658572 0.3704836440730758 0.06384673439090331 0.0620148047885384
4 0.6423710715916972 0.30712589650541255 0.029471734390903316 0.06141478693163096
1 0.8911459437236993 0.8353674935005877 0.15033484981466572 0.21343302881395587
2 0.36956360960294843 0.8793558579522237 0.09572670616793495 0.14767561525911965