3 0.1444195671608919 0.5720555524755442 0.05539188284695733 0.13498892100433507
3 0.357368489663563 0.4819065075395719 0.03199902286549072 0.11257559471009326
0 0.8358232948435553 0.8990899726457023 0.1407068786706059 0.20182005470859538
1 0.41199399147766147 0.4420319364364148 0.06268851687504107 0.18765118942018652
3 0.18342750345856104 0.5758931840173404 0.05229416469812276 0.13558816048099126
0 0.2340698881196169 0.4034868339749881 0.045064507256394125 0.17415013154179615
3 0.29972711525412615 0.5184740681193853 0.03854912322831048 0.12153336575678075
0 0.6394418904818696 0.5867962177946844 0.059419673135643336 0.22800317363517095
0 0.5552156795046111 0.734544202080256 0.06250995680090714 0.27184417889684304
4 0.4554414019146149 0.5204978416557344 0.046904771051392305 0.07056239995764776
3 0.021398165066829365 0.41514685786427297 0.04279633013365873 0.10351140785015538