2 0.3820535534507118 0.11558203474130029 0.051130968781806806 0.12405823821317571
2 0.41611852940409466 0.14519460608141851 0.052185037293461 0.13190712551672865
4 0.3905876951137078 0.7422879299027361 0.059164212791356974 0.19775044933804614
4 0.9543352920179664 0.1443061166298977 0.03891122177703181 0.08683006596343472
4 0.510493489663563 0.435631207405326 0.049060037293461 0.131761576302517
0 0.7812499337657803 0.4549996757689069 0.11062999827071937 0.28672521215832775
4 0.6797147156169459 0.45894877523078764 0.04701638765628076 0.14024616439185814
2 0.7176983875714626 0.1529877196064351 0.06331351025161905 0.13788529776646968
4 0.4584275365756708 0.2960999805646899 0.04419892250267097 0.10423588978475226
4 0.9707341075343958 0.09908350786239206 0.050057052902557686 0.07096962551672865
4 0.9479860551799923 0.37079584202279187 0.07716518992586607 0.08783179383752823
1 0.7568005823066524 0.07414101297732931 0.07709575725639421 0.14828202595465861