1 0.15343727678865648 0.42594163810840263 0.11538704098882073 0.2127565327694098
2 0.4882253340128269 0.4392345398001732 0.05096030235290634 0.1456586453265974
0 0.341780576705931 0.19430651234909693 0.034635872969757474 0.1499642856192014
2 0.5049918685088259 0.3287327976839579 0.042806883116027275 0.1259455573706944
3 0.548533362826783 0.29492018892649263 0.02593698295387146 0.09900119766329869
1 0.28470268790786096 0.28778506183600666 0.07654668344033873 0.17983427678548622
2 0.451237397322782 0.18707328096645795 0.03454436972334669 0.09998246941479168
2 0.7174711343404339 0.8618498497363187 0.11467397483619664 0.21664459897381966
4 0.4998921221655692 0.9340742611148258 0.07665004910649564 0.0962768943766669
2 0.3520599630716643 0.5001928364372914 0.06676258035608366 0.15617857123840279
1 0.6619628429412806 0.4180102371791314 0.09384327759614024 0.18648432028847228
1 0.43053338514791734 0.25471537585621495 0.05418075973923262 0.15120013050895836