3 0.3370387639646341 0.5516439151763942 0.056426103991016774 0.09545855032431164
0 0.533311074038768 0.4707462913925625 0.039394860614438795 0.14435001785690743
1 0.7911656917399648 0.14107597686149617 0.10824655353552988 0.1931790300317721
2 0.13189985226173623 0.37863528896022586 0.10329366950744615 0.14078073295387145
4 0.4914559015360968 0.3677343396882792 0.028628486205001913 0.10434262662320552
3 0.2835962392002268 0.0720967370110612 0.047542177311994484 0.10935740909060951
3 0.8734524352013608 0.41812544642268695 0.06995289065150559 0.10272162540538936
0 0.3444519929980599 0.8086478916374439 0.08441469473518967 0.09204322402541756
0 0.5136582837500819 0.37749116923358395 0.03821430653075471 0.15526024431795715
2 0.1956994243167696 0.1486398717519415 0.08217263765628072 0.13963129017804182
3 0.9453249128840241 0.10628969398705501 0.06707342731199475 0.10969832832748878
3 0.21673120924797792 0.43789328652459386 0.06755457694917473 0.10111821509696384