0 0.5448165145127882 0.35925326035833427 0.05875003974053179 0.29672188730530313
3 0.2274380415546303 0.34455529671393 0.08005706614940156 0.16934704506457737
3 0.42059524219545164 0.042675862628189884 0.02944445253973793 0.060951871865896914
0 0.4165724303072194 0.0839229882550105 0.0417386106144388 0.144818406505633
0 0.5304265991816933 0.10362538598515489 0.03660716651222131 0.17666780007914226
0 0.7869444724100039 0.2304990892047179 0.0841667019915839 0.2646822771178887
2 0.467931577582147 0.2360454294003796 0.06872026206571746 0.17994356426490726
3 0.13083088166583096 0.2153104144231918 0.07697670616793499 0.14818509890464338
3 0.05991821405730134 0.44192072703874635 0.09541917132154472 0.18462270407749273
1 0.28275299101432533 0.11827159303214858 0.09519348202865067 0.22285848997087015
3 0.3706895006329722 0.1333175830030187 0.043591287293461 0.13082410266556704
1 0.3166641995445131 0.10599055337784757 0.06923861723786073 0.19478731426490725
4 0.1305729321213179 0.11852634263643717 0.043789694735189635 0.09180706677218971