2 0.6709245793779576 0.9106124837255587 0.17478971732199752 0.1787750325488826
4 0.46791128053029596 0.49821193729933044 0.060054430687266167 0.08976017836490087
1 0.6548247823393183 0.45728714285026867 0.11564709068231735 0.27288835475263545
4 0.4500996607880207 0.46460359984690064 0.05890136646291495 0.09750901136870649
2 0.4927862070336905 0.30741052376317723 0.047012198100120625 0.12353034190105419
2 0.35365959351145176 0.7511366660447922 0.11630218792335541 0.28538835475263546
4 0.79451248134395 0.3165732540286948 0.053933905472495526 0.062225427376317734
3 0.2567148309598372 0.4348020588206989 0.05354548111680746 0.1440656763877346
2 0.6567878312985215 0.2256233073750052 0.0430307049975255 0.09218484140676261
0 0.373807155699638 0.38163724954288947 0.052949016847027686 0.2368115919010542
4 0.6286960515611951 0.3732331364244781 0.04718593848918218 0.08221959239534575
4 0.7096118588881414 0.353042653230392 0.032424075644311934 0.08317725593149898
4 0.6482416689286211 0.2542430558921304 0.0387626068519765 0.055370590912471054