2 0.20989823422126735 0.5984533819386728 0.0952281983633867 0.18019151878308043
1 0.5135540022774346 0.5059899452079959 0.08423862386128267 0.24527534931542797
1 0.7199131627992063 0.26482507022658647 0.06810270317271012 0.18532734634967846
3 0.27518343912325804 0.700473479771226 0.061160733209777086 0.14291701186299816
2 0.5999602721477005 0.36164437901010427 0.060270355805115375 0.13976017836490087
2 0.12232136706822468 0.4626657791632036 0.09454615208425099 0.16066026878308043
1 0.6966194734214941 0.5510026507589341 0.11796878311710976 0.25055043973360736
0 0.45943198666833807 0.44276043334499776 0.04138643574951502 0.20218192391627668
2 0.59934520245492 0.2896420450177155 0.0543923780376339 0.12781859387822045
0 0.6913565653467934 0.6345009002646425 0.08794397721932726 0.21734135030401128
1 0.29311007142206114 0.3663531477560035 0.09402036242853722 0.19028410178688598
2 0.6645113893855612 0.17103130786929674 0.04818701805616747 0.10650200939154013