2 0.6296875 0.14765625 0.04453125 0.115625
2 0.59609375 0.17734375 0.0453125 0.1234375
4 0.60078125 0.74609375 0.05 0.18671875
4 0.08203125 0.20078125 0.034375 0.08125
4 0.49609375 0.45859375 0.0421875 0.1234375
0 0.23671875 0.4890625 0.09609375 0.26796875
4 0.334375 0.48828125 0.03984375 0.13203125
2 0.30859375 0.1984375 0.05625 0.12890625
4 0.55078125 0.3234375 0.0390625 0.09765625
4 0.06796875 0.1578125 0.0453125 0.065625
4 0.071875 0.41640625 0.0890625 0.08046875
1 0.27421875 0.11171875 0.06796875 0.1640625