3 0.69140625 0.5328125 0.05078125 0.090625
0 0.5 0.4515625 0.0328125 0.1375
1 0.2421875 0.13203125 0.09765625 0.1828125
2 0.8828125 0.3703125 0.09453125 0.13359375
4 0.53671875 0.3546875 0.02421875 0.09921875
3 0.7265625 0.07421875 0.0421875 0.1046875
3 0.171875 0.39609375 0.0640625 0.096875
0 0.69296875 0.77890625 0.078125 0.08671875
0 0.51640625 0.36328125 0.03125 0.14765625
2 0.81328125 0.14921875 0.07421875 0.13203125
3 0.09296875 0.09609375 0.0609375 0.10390625
3 0.803125 0.42578125 0.06171875 0.0953125