2 0.28203125 0.88515625 0.1546875 0.22890625
4 0.4921875 0.47109375 0.05234375 0.08203125
1 0.31875 0.42578125 0.0953125 0.253125
4 0.51015625 0.440625 0.05078125 0.08984375
2 0.47890625 0.29140625 0.03828125 0.1140625
2 0.5875 0.71328125 0.09609375 0.26484375
4 0.19453125 0.28828125 0.04765625 0.05625
3 0.69375 0.4203125 0.04375 0.13359375
2 0.328125 0.2078125 0.0359375 0.08515625
0 0.5859375 0.365625 0.03828125 0.22109375
4 0.346875 0.34765625 0.03984375 0.07578125
4 0.271875 0.32578125 0.0265625 0.07734375
4 0.33515625 0.2359375 0.03359375 0.05078125