0 0.2202271306836905 0.26558032686435673 0.051464862823487764 0.17512897477225656
4 0.4046606319015065 0.30052077813815037 0.03072389448011297 0.060411710344286274
4 0.449466797081196 0.4621378352170593 0.05045969602224041 0.07281250662342202
3 0.1340014841749827 0.41928073493905754 0.05519778896022585 0.12060516587924912
2 0.8527791631543898 0.7057092089087058 0.12850464975511855 0.20514634618646851
0 0.3964935758951521 0.32110609664980466 0.035249527596140064 0.18549355589778252
3 0.06874645130054152 0.26618550599044977 0.04940175649282177 0.10166419292109108
4 0.20672987216227384 0.45734124092950734 0.03465346387914794 0.1066145877489479
4 0.12696805438479664 0.24072914900420814 0.04861082386326192 0.05635169292109108
2 0.8210149200542487 0.7809919511041576 0.13183420129724616 0.21697422359113006
1 0.15846610146599258 0.7174627745947713 0.11610583563108942 0.2999677728654907