4 0.25147495414399984 0.38196071403563475 0.05843227711788872 0.07565452800763595
4 0.4713722655059132 0.4525112133990879 0.05642950791755883 0.08734600600731782
3 0.32090456723440813 0.27882717071131613 0.0276596502374268 0.09169715133672715
1 0.48404106472712566 0.2588430294000424 0.05268839396922065 0.14665737133990878
4 0.4870678101747791 0.5308452987348605 0.05364548871722885 0.09902839334022709
4 0.4038558080632081 0.3555993033895429 0.04512829506457727 0.07471873667249973
3 0.4434244249145401 0.28494190539463354 0.02223636434404952 0.09319601666931802
3 0.4711797003830761 0.35169360073199696 0.0284098079967011 0.11747840133672707
4 0.5395181749145401 0.2860600574076784 0.01949179757185977 0.052552835335772666
4 0.5004784069678514 0.28482427406904226 0.03047476167848249 0.05424260467059074
3 0.8827165939565855 0.3627343821212217 0.055063236209946353 0.12091248400699968
2 0.5946543043022844 0.3249958354153144 0.051225182369880426 0.1232107806731361
3 0.009147280598655584 0.45798522266868175 0.018294561197311168 0.15971135467059075
3 0.8197990568095669 0.3494980381126312 0.047895593890078206 0.1161431680060451
1 0.11798518956252343 0.5648448446849083 0.13754208174937746 0.37881643801718107
3 0.3900099198999752 0.24055555872054296 0.020196491224511347 0.07677158533577266