2 0.8558628474055077 0.4702426532091879 0.09788984943080692 0.15265136646291494
0 0.3130735551988708 0.6107006411118586 0.06380122158978567 0.1672560990500603
2 0.3727714780859027 0.23692230438627018 0.05234552434972928 0.13699538896415203
1 0.7773621517903042 0.7116655133405247 0.15409498498246635 0.19774586047002102
4 0.39883337175523675 0.3117928296010408 0.045622191558013545 0.06483378392119796
0 0.8293487605533068 0.24208335368415773 0.08038474959296309 0.17827216417892275
0 0.7723232390429514 0.14916883536679207 0.06470520251506215 0.1743282926276252
3 0.1926731006519184 0.38544061227904336 0.05584267126547413 0.11376260685197641
2 0.10080360593021946 0.7207805687469071 0.11607678774240986 0.16609306874690688
1 0.46806283847705377 0.4671221387370094 0.06557795576147321 0.22432829262762527
3 0.03043901765668422 0.7753618481455492 0.06087803531336844 0.11166119629109836
2 0.49077008685549595 0.7341801639517801 0.06685803774240995 0.16351362336031983