3 0.78125 0.54140625 0.04765625 0.1234375
3 0.58515625 0.44609375 0.0265625 0.103125
0 0.1265625 0.859375 0.1234375 0.28125
1 0.5359375 0.40546875 0.05234375 0.171875
3 0.74453125 0.54296875 0.04453125 0.1234375
0 0.703125 0.3796875 0.03671875 0.16015625
2 0.96796875 0.515625 0.0640625 0.14375
3 0.63828125 0.48359375 0.03203125 0.1109375
0 0.3203125 0.528125 0.04765625 0.21015625
0 0.39296875 0.6703125 0.04921875 0.25078125
4 0.49375 0.4765625 0.04140625 0.06328125
3 0.9046875 0.40234375 0.04375 0.09453125