4 0.717667463999549 0.3609707672258434 0.05637859298989589 0.07488459486680368
4 0.5043511528291325 0.43534997920257223 0.05430759992375016 0.0865078443725121
3 0.651259254368403 0.26279986406981354 0.026273518901701466 0.08926808844101312
1 0.4929557918874655 0.24813648068544705 0.04938501700184048 0.1432844263877346
4 0.4889274810013893 0.5118315661607106 0.0514371730620141 0.09731801038012336
4 0.5701560311538891 0.33961171486811625 0.043079159194305564 0.07356217539915137
3 0.5318371071419448 0.2723578892786845 0.021622386492882128 0.0906395874524299
3 0.5052031783803475 0.3375663952101835 0.02687358415618064 0.11504933844101303
4 0.43964960714194473 0.2761142420541535 0.01915069671336802 0.051513420456235436
4 0.4771314233463544 0.27380498414548815 0.029325130508958352 0.052708505931499075
3 0.10692933254066003 0.36083272923975335 0.05270938554295146 0.11844359387822054
2 0.3858167455346878 0.3150613369209573 0.048857686929722366 0.12062817638773451
3 0.9717152651019794 0.4262151293556717 0.05656946979604136 0.15579901384016442
3 0.16757589181121557 0.3458497163881721 0.04556903276940982 0.11346959239534575
1 0.8452508693941324 0.5340660745264866 0.13114808254066013 0.36984160920125964
3 0.5839801821800696 0.22800571140807513 0.018914960581076556 0.07491908695813834