4 0.21387965105671342 0.29623625162485306 0.04797895774732641 0.05630059293798535
2 0.5029052687395478 0.431802010149565 0.0492874485739442 0.1469392297074606
1 0.8804621212970716 0.5228580637235828 0.13889991529826134 0.24302507142762994
4 0.350961494539051 0.36571118019722315 0.0355198643631847 0.06311365462638267
3 0.3710360825604395 0.8090657138824433 0.05639142144658127 0.1595619606327368
1 0.3465017743968885 0.19236913758354937 0.0375686985739442 0.14673467816533298
2 0.6377938740275462 0.3411752357998358 0.05152665944452863 0.12901139001588602
3 0.5669728347999348 0.2955411818220762 0.024795987801555695 0.0996414898537303
3 0.8494257447354429 0.48668478450258956 0.06088802390590899 0.12683128124958803
2 0.20637063632418634 0.5127515957806544 0.08453005698520064 0.16239663433384308
4 0.7998393560735654 0.4164637877490004 0.0613238402608836 0.06746991801906325