2 0.1264557955613455 0.43388686315559244 0.09386410580511532 0.14112901878308026
0 0.6240971434770944 0.6114188859301865 0.062351210977258376 0.15466759536109526
2 0.5871279446503717 0.25863212555006315 0.05124009618646852 0.1269100098858317
1 0.18723949502104054 0.6648132109881456 0.14681798021455217 0.18307377965749527
4 0.5589731735989794 0.3255503701128557 0.0434251069862416 0.059499675399151374
0 0.16197417722717647 0.22331411908709148 0.07754962504240899 0.16542868182494203
0 0.2195535534507118 0.1427299639538952 0.06337799763774736 0.16173067885919248
3 0.7468427066312712 0.41222399364857143 0.05360120435383653 0.10516234387822046
2 0.8154537750581075 0.7326585104544854 0.11067958357259684 0.1535162722431213
1 0.4876289085380369 0.46425077277459403 0.06501490870767306 0.2086056788591925
3 0.8955752954765275 0.7906885277546909 0.0933631088003402 0.10444210228117753
2 0.45319931171859623 0.7108565173373866 0.06458583357259684 0.1516380958553869