3 0.23073603805106918 0.6605908593866782 0.06904540653397531 0.07649403349844608
2 0.6168384737402643 0.3724424658778722 0.08109595037150363 0.15111304383752824
3 0.8912477764691328 0.2466420609965268 0.08663532092583352 0.11940927956950462
1 0.14590715798622655 0.9294049888334754 0.1575856757643977 0.14119002233304911
0 0.46928276943981934 0.49788761393479214 0.0439576693542568 0.12365797787409356
0 0.7221059007475162 0.6842597233214704 0.10467469148016342 0.08828771215832773
1 0.11431482547845662 0.6050599892466331 0.16312935442427948 0.18845468610347993
1 0.16414162096861468 0.19085409408519724 0.15041318465573786 0.2167059646395272
3 0.8035936110438172 0.3803577814270222 0.07824062406898662 0.1065454065339753
0 0.19287012675958293 0.41454845926284367 0.10476889081820957 0.14052230024766904
1 0.6519816836267898 0.861853876340789 0.1444499749786093 0.15562291542531526
3 0.8112606776264245 0.0980718203021517 0.07200989474715094 0.12340542080199894
2 0.26843747684063624 0.06965764433286627 0.08265629631872758 0.11766484305173994
2 0.3100725893321955 0.47011571670644176 0.0861644400324213 0.14277400496239867