0 0.5516513181899725 0.2554792013661116 0.026030420933747855 0.12543641109416673
3 0.7968930126600694 0.5412758034740632 0.056772186718763426 0.13083307912218772
2 0.9765834287556686 0.4974569875539939 0.04683314248866281 0.14538654160312509
1 0.3662892128153612 0.3681934876509031 0.061527576153067455 0.17229388050895836
2 0.1935019731269434 0.5896469943004169 0.10486034719975486 0.17954398926642376
2 0.5263915258848362 0.4647626291777781 0.05332096302712266 0.13855466014423606
1 0.6056485734516445 0.2582963832618408 0.04795862884037305 0.11346374116628474
3 0.8717102731128261 0.6202560950771883 0.07174473933548171 0.1467853874428126
3 0.7851911312594475 0.35375761967847286 0.037218549915295364 0.08980803561920148
2 0.1467579628153612 0.36308384109003483 0.06896137357870132 0.11239220364722229
3 0.22775806285771352 0.32049825721819464 0.03694553413027988 0.08512053561920148
4 0.3813219495905944 0.43876056078916703 0.035671460466874014 0.06324553561920147
3 0.3348410627165392 0.4712269154625696 0.04432539462538863 0.11806032218833344
3 0.41396857864272907 0.3295135005686809 0.026834786761115836 0.08566539627652778