1 0.4988117673648057 0.4585281513832671 0.06516697862817367 0.19096196509696384
0 0.29687149658215445 0.26281405113838574 0.03600165339440444 0.14592615462638267
4 0.41522308342519254 0.5951571724865854 0.030082930619963477 0.0684869472400564
1 0.06231625204310345 0.6388209922893623 0.11856014422102228 0.23798301542127548
4 0.4303794090517452 0.3800270503276068 0.024673267953980903 0.07854773985373029
3 0.08691627624360028 0.5696346156661568 0.0631772317514315 0.11749719155801355
0 0.02623733059652226 0.48084089691574494 0.04791584611461623 0.17972445616851013
4 0.8448752637505684 0.8501842228141921 0.08257212636523725 0.09440061079489297
0 0.6921350413689108 0.5160973693229001 0.05184936719185522 0.1844801400158861
2 0.3941101109453391 0.3236230917234647 0.04204712031511306 0.11087899878218402
1 0.11353436015977222 0.8473232390429514 0.17308856293712896 0.2115938392845372
0 0.033078724817544536 0.7166829395294186 0.05897606596219107 0.2010091209411627
4 0.24761690602668313 0.39181180438479657 0.033248837235821685 0.07557274431795716
4 0.24925369154186142 0.8074504411542718 0.07626758421075959 0.08491651663909146