3 0.30414352619345186 0.7029500879615018 0.07150893863808658 0.06877781934277234
3 0.6339135942192827 0.7288104172501857 0.052136813011265916 0.07401930267345413
2 0.39820811177026005 0.5783762546149115 0.08475073620994653 0.12125792934436319
1 0.8578044206248909 0.5269190112190053 0.1338163735152495 0.1702499600174992
0 0.28604881175762475 0.08297503731700076 0.09084762351524951 0.16595007463400152
4 0.7136118029156291 0.620815556572277 0.048867060503983595 0.09584884933959063
0 0.5228778396669362 0.45813538526418507 0.043739291303653616 0.1075039646721816
3 0.3160655500126353 0.4949285026257291 0.06640390149106815 0.0812141846753633
4 0.3669915525199177 0.4724535186187294 0.07217652837152996 0.06488066000954511
3 0.48825541640174885 0.8797745752705485 0.045165398983785646 0.10283464600572714
0 0.40339073911294027 0.24617228194622975 0.06316289271557948 0.15771305000795416
3 0.9442132820659467 0.4884008565404604 0.09921640149106814 0.08159599267981754