3 0.03479288201333308 0.4242385973675947 0.06958576402666616 0.11274802586071572
0 0.34740822413928435 0.0864410193221117 0.042683551721431276 0.14974702885594054
3 0.8002603725105203 0.3564708433608796 0.05217511360966363 0.10872272477225656
4 0.6275346236068285 0.7556201275742978 0.03799356252120454 0.08247768330244423
3 0.8764780990120574 0.5930110332867458 0.07345983656782167 0.11492808475372307
1 0.8215352049019906 0.12802838483069187 0.08865081614940137 0.1700793762235354
2 0.5688045305852211 0.2646925380112512 0.04825150544229562 0.130434033665264
4 0.06156989474303885 0.3424082440095503 0.0709052662420688 0.06411955290255769
4 0.08061249438806836 0.782671145460829 0.09095487141421192 0.07964534918169335
3 0.510111543747247 0.48948171768549836 0.031217772865490722 0.11189236479078986
1 0.9307439914776616 0.4501985399101677 0.11554069836338669 0.18038195916315997
4 0.34411455463183815 0.22555808302444252 0.02716518992586625 0.08522073738612831
3 0.9102256495523623 0.3657863343752049 0.06311261360966362 0.10910467068857255
1 0.4913715005481542 0.219749571043543 0.06400548021455207 0.17936260698624168
0 0.6153422246874385 0.2983879809323423 0.041912225405228654 0.1723487151536097
1 0.4514855997298476 0.12996781922944448 0.06276043874473984 0.16605407513507625
2 0.6901115901112007 0.1508160656860654 0.051748527674814325 0.11885169292109107