3 0.9992756008049243 0.8083480024766901 0.0014487983901513956 0.24676799214211725
0 0.7628789514049608 0.2779733360179174 0.059407194994820146 0.22104240012383453
4 0.7800001389561828 0.3777742828747642 0.05078771215832774 0.10292810090962279
2 0.8743986482618077 0.29564033312243326 0.07671666542531526 0.14077485731976358
3 0.449184632546042 0.33820009077542834 0.04148764081820957 0.13757492865988175
2 0.37628432588823213 0.21241453266987648 0.053041570925833434 0.11784462551672865
1 0.41638063296032674 0.18621805975818168 0.05856813296032666 0.16955267473094038
1 0.7475749749786094 0.18371391376817642 0.07119441149637389 0.15610875889134018
1 0.5563293525622527 0.41257085214796785 0.10717691501103062 0.29264772642635145
3 0.7111130901562558 0.2209934358940829 0.03274618755122187 0.10052869292790545
0 0.13791964681406563 0.31668669396136273 0.10315934904759594 0.25660106451569265