0 0.705730951463994 0.9220481611868632 0.09149770401018138 0.08027830517696728
2 0.5978366354630394 0.9212962742422206 0.0799334953453176 0.09287701571442852
2 0.965080654678545 0.18838100354846912 0.06983869064291 0.14324874203690507
3 0.16863565272913347 0.4506462001552918 0.06661588267822674 0.08897847099021768
2 0.47064304805854273 0.404130432021789 0.05619655068427196 0.13287268415851478
2 0.8499220153962245 0.4140929060663655 0.10460677868395366 0.13335009727034192
0 0.1623754673774525 0.31576296594030734 0.092197685351681 0.1404345551769673
3 0.92080777474536 0.5264494219219683 0.08837270401018138 0.08009629465362345
3 0.9622550993395906 0.0892987614409769 0.07548980132081873 0.1107092578219206
4 0.5721386293364089 0.006296127895537809 0.03411191800604527 0.012592255791075618
2 0.6009647053628168 0.1823324847796818 0.06490847935231728 0.1435294630977099
0 0.388796895448722 0.8279312240445765 0.052517020011135784 0.08503442363517096