0 0.22421472729976805 0.2986366530976462 0.057226204068063426 0.17996413896415203
4 0.41574565269891944 0.3499921924459111 0.032919929353484 0.061753049525030156
4 0.4709955212917193 0.5197181942549334 0.0537417653230392 0.07531758254171698
3 0.1453296764249156 0.44808005314307475 0.05962169220506537 0.12395980042954129
2 0.8997239936485715 0.8056855082521419 0.13649720999956258 0.21218349672063966
0 0.4080114071475437 0.37063556309269746 0.04051620653952135 0.19078213025772478
3 0.06933622631118486 0.2858423247398008 0.05260768825073266 0.10488225180902226
4 0.222016851824067 0.4934168865893029 0.03798677273741298 0.10957307383528966
4 0.1276925543720746 0.2639540366347314 0.05147892836490087 0.05804819538658723
2 0.8715618429639995 0.879829015149547 0.14009971247102015 0.22406602103089918
1 0.18824532418091913 0.7551456026681049 0.12563264726171192 0.3090618187469071