3 0.8936399816740301 0.48203125 0.08274085722409338 0.11328125
2 0.6543042035365907 0.2203125 0.06335152866891214 0.1359375
1 0.040571949971567316 0.17890625 0.08114389994313463 0.19921875
0 0.32891954296618703 0.19140625 0.055631870569966234 0.1765625
4 0.9011991081754956 0.27734375 0.06582792984777583 0.0625
4 0.4177074703425047 0.140625 0.032888095855386726 0.059375
0 0.04603274159704302 0.03984375 0.08290268330781678 0.07890625
0 0.5328788952101835 0.496875 0.04681528608328591 0.17109375
4 0.8050947238025458 0.12421875 0.050489431330650446 0.06953125
1 0.4882786610275144 0.421875 0.0860342949805343 0.21328125
0 0.4110993260837234 0.034375 0.03170759783255317 0.06875
2 0.1501989767682954 0.11015625 0.0762507766917457 0.1265625
2 0.1757693211408075 0.0578125 0.06955510771838495 0.115625
3 0.2003250162744413 0.31796875 0.05998910672980173 0.1109375
1 0.16266189570447512 0.49453125 0.12104596494247835 0.22890625