2 0.3168726267036474 0.42169190517037736 0.0731175235363489 0.15807909684397004
3 0.30748700533225903 0.0853578157407811 0.03266755780780315 0.09252042243340186
1 0.19939045313906356 0.5429846319386729 0.10982783923665992 0.25310243676785793
2 0.9413776159685423 0.22708628418048163 0.08774917093374768 0.1282788503040111
1 0.823816931598266 0.0539286739906387 0.07424113680346807 0.043553681824942014
4 0.6321453710890397 0.06413005045492295 0.024005918373499212 0.05085950444862428
1 0.773134392135727 0.06361008011241817 0.07248121572854593 0.06686384783255321
1 0.7106956193052498 0.9433759041817942 0.19412797355046632 0.11324819163641173
3 0.380183239759005 0.31620325053147263 0.0370666314712091 0.11452275642579064
2 0.4528101267036474 0.4272309338392894 0.06139877353634908 0.15760159437251212
3 0.5172491422063142 0.12757844372512114 0.026599568331146805 0.09539075444862428
4 0.8433881660250119 0.28260943091072094 0.0363617052052021 0.062274506920082295
0 0.5454996136906421 0.5837130385919249 0.061830684017340334 0.20516234387822047
1 0.16106224246042808 0.38088653855474386 0.11076100768074629 0.22897918726214944
0 0.5622501000423523 0.06754686912427252 0.028624799915295363 0.09001750494291585
4 0.2287781764071813 0.10564379942915873 0.030612234144397288 0.07061358893530464
0 0.7041730185570259 0.17200090026464251 0.057484818260559754 0.17069184338392893
2 0.8136313185429083 0.1615820065001527 0.06849864199455276 0.11892109634967847
0 0.5264876343138065 0.1303041957022875 0.036118052475544185 0.16514483893530466
0 0.8651174948089153 0.11121193338217886 0.06976501038216938 0.15404551285158125
1 0.953065544865385 0.17431145265955078 0.08822658404557515 0.17662084980971957