2 0.2228914588530681 0.5776674837679456 0.10057585049533806 0.1984705020285949
2 0.648878339951368 0.19709795333243169 0.04531896215832774 0.10149036201270886
4 0.0011605662229263462 0.38655510876629795 0.0023211324458526925 0.0682960324674041
0 0.6105071987188737 0.1829360418061902 0.03373079879992691 0.15436990016215582
2 0.0917312342887435 0.8797129991892211 0.16411396567298447 0.23861030681713338
4 0.8884007189872627 0.9540165604771719 0.12620293507002245 0.06152960957707663
4 0.3682982739879333 0.2379037800350674 0.04022904776646961 0.0592483149348082
3 0.47669716315351307 0.4413133778443167 0.035128478907550865 0.13409831047058135
2 0.25172935814833314 0.22666804545634286 0.052641310586751186 0.10786309293798535
0 0.6293211255212379 0.8851610150208289 0.10491874813797324 0.2079136858759707
1 0.7481996739068801 0.5786461879111562 0.14496801343945406 0.2968222272718286
2 0.3007682098865254 0.4810731274372796 0.07913534408519726 0.1738971960222404
2 0.9029451017381923 0.23950009294457594 0.07011990901517465 0.11441310186643908
3 0.2971917154680967 0.15561915990468372 0.027039843051739964 0.0777528530842551
0 0.42923792804070926 0.20327363555495448 0.03245939722835036 0.16059262662320545
3 0.9704086217971841 0.4670426659970589 0.020612214639527338 0.14087046185055313
0 0.48377772477372166 0.23901053815274223 0.03304159408519709 0.17309262662320543
0 0.6908517084387833 0.4188405397775953 0.06765634263745515 0.22912048417168746
0 0.3108197218782375 0.131182221593081 0.03278472890755087 0.13405740016215578
2 0.6447108008713508 0.5882587414818786 0.09298167431665547 0.20302163433384326
4 0.39161164950466193 0.1898793372592378 0.020025709677128488 0.06123750892845377