0 0.4762502155181604 0.7452500347062431 0.04335256933854161 0.11836956677218957
2 0.2713379778672573 0.40566601214070086 0.0757656790459376 0.13570783095795474
1 0.6117363866803133 0.8898458176966265 0.0980777433504862 0.18866534639736088
2 0.17316931553881965 0.21855010853806175 0.0756202086812154 0.12945783095795474
2 0.511237585674792 0.468263985880742 0.053163980432708514 0.13739235141192588
3 0.24449945488149324 0.2266377416867298 0.04764002583555564 0.10131845909205772
4 0.12516245383465352 0.8766414048562805 0.08283264342673617 0.10390390149106779
1 0.0973309013105209 0.08609930154726597 0.10950555262104181 0.17219860309453194
1 0.04373900151861142 0.36772705760098967 0.0740044637152085 0.1942106527447093
3 0.17080356857604245 0.9566184098708455 0.08775587955902786 0.08062552586424729
2 0.12319011217593781 0.3552521381632329 0.09057306145475703 0.1345772399708701
1 0.3424804003605904 0.10339280680956686 0.07603908919017374 0.18099759890464334