0 0.47165101738540666 0.3917485381461517 0.05107434070654371 0.29458184293798534
3 0.15674363271799763 0.38078417004765813 0.07537381202258989 0.16768810633066594
3 0.35527839334022693 0.05697234334172717 0.0277442866804539 0.1020261501621558
0 0.34951019867918126 0.09826949918592583 0.03964539735836255 0.18502956493480816
0 0.4629823526814084 0.11665308075982547 0.032995955362816784 0.21771933400953164
0 0.7153908320337257 0.26087423376135505 0.07804537336886205 0.2630278798696163
2 0.39837605470240744 0.27018145535443605 0.06456358135740796 0.17843469155801356
3 0.06387378536758934 0.25340741801906325 0.07278461401972636 0.1465534460222405
3 0.018872010065224272 0.4807005750810779 0.027890284691271593 0.18170001339268058
1 0.21655279535327182 0.15062511160567177 0.0894004966979531 0.23198243141174388
3 0.3042527900222717 0.1693399297868908 0.04056246001749919 0.1295880884737585
1 0.25143632535009014 0.1278012662320544 0.06429140869668046 0.22217105478853844
4 0.06509938335454449 0.15735457832748875 0.0416795173456358 0.09133411201270883