3 0.03871151568714215 0.607789180600965 0.0774230313742843 0.2039528887980701
4 0.39929267702611115 0.44670603571711026 0.04496682218246608 0.14992786201270877
4 0.8295605017158596 0.31191660958366746 0.08227895407749272 0.09045345048646727
4 0.5007726090002802 0.474607118915863 0.050549232449022694 0.15392956939903507
2 0.4831067020324288 0.19615088230854358 0.05629076708875882 0.1634000267853612
4 0.7352375033652123 0.17222859253753886 0.04627325791755865 0.08748240909060953
1 0.1518049454350182 0.7672715004070371 0.28133519734706824 0.4640524119299833
4 0.7990115321989606 0.42255014651529843 0.06192700164935268 0.1424153709411627
2 0.05867500336521229 0.4879442849030361 0.11735000673042457 0.23973643019392785
2 0.28597169378566556 0.9062640422099321 0.177012444048363 0.17956258928453722
3 0.23000546793405338 0.4949504411542717 0.08438467484803303 0.18965856371699202