3 0.5 0.4703125 0.025 0.09296875
4 0.5828125 0.29140625 0.0296875 0.08203125
3 0.08828125 0.31015625 0.06171875 0.09453125
0 0.27265625 0.1515625 0.05234375 0.1515625
4 0.6671875 0.14609375 0.03984375 0.053125
2 0.06953125 0.25625 0.0828125 0.12109375
3 0.2984375 0.03359375 0.03125 0.0671875
4 0.54296875 0.1328125 0.0234375 0.0765625
1 0.2171875 0.871875 0.1453125 0.140625
1 0.43046875 0.7171875 0.053125 0.1796875
4 0.6046875 0.38671875 0.028125 0.08984375
4 0.2 0.03125 0.02421875 0.0625
4 0.6765625 0.11953125 0.02265625 0.05234375
2 0.06328125 0.14609375 0.07578125 0.11640625
0 0.4359375 0.43984375 0.034375 0.13984375
3 0.43984375 0.88984375 0.0390625 0.075
0 0.44140625 0.128125 0.0265625 0.1515625