4 0.03661922680547645 0.28471987337679455 0.05477502471457936 0.11806025324641087
3 0.5124973414067626 0.03374603561452715 0.030431599315427958 0.0674920712290543
2 0.7898795365775774 0.15977345698587966 0.0950299515966055 0.16716595495069422
2 0.1525505633065042 0.693144253653448 0.14443704399195126 0.21096654788867966
3 0.19790157809807077 0.36712149594281024 0.07301303015178684 0.1441415121748646
3 0.47474526239447074 0.4459423766265007 0.04263978064607841 0.14595342816533297
4 0.7071067762346351 0.5075581664008008 0.04881418479069151 0.08672843262955983
2 0.4062645874524299 0.015991519786214558 0.04609109140676253 0.031983039572429116
4 0.32985593775644106 0.0943134671288541 0.05539976581733086 0.07591366355483639
1 0.054103862661300836 0.13821702029253946 0.10687071840251947 0.24700345941492108
4 0.7441704471479811 0.13164450284596435 0.06506126730020548 0.08310855478853844
2 0.5562645874524299 0.01469602668607341 0.04921609140676253 0.02939205337214682