4 0.7706628748353979 0.282928962536903 0.04846624373179385 0.056324411069925695
2 0.4814830513992906 0.43116808821228414 0.05183894780928675 0.1454141929210911
1 0.10681200884199564 0.5402479993670278 0.14204406215333623 0.24143851025161905
4 0.6334380079840658 0.358742472788522 0.03695208221159589 0.06294643330244423
3 0.5988785222363378 0.7954438646211539 0.05923391066226813 0.15815972958158006
1 0.6438850776592494 0.18745774983036395 0.04012019780928675 0.1450049651536097
2 0.3519750593168493 0.34905997105924147 0.053659860583125864 0.1275272884745874
3 0.4236287504622185 0.30051085445435294 0.02627900666391767 0.09847470553496285
3 0.13832643329431732 0.503246507171576 0.06218541442319179 0.12548363883740699
2 0.7707297563347131 0.4952107077275795 0.0866458568222022 0.16145834437236992
4 0.18956833603902662 0.43199650054815414 0.06126176042484124 0.06691717068857254