1 0.4582972715682182 0.33560026033643703 0.06382264724608433 0.22952629809323427
2 0.5266796329063407 0.2668800313878293 0.04922381606038684 0.13684772477225654
0 0.4800046208060923 0.23086812031790357 0.030787433448633904 0.19009921034428628
0 0.026701837923192702 0.87890625 0.053403675846385404 0.2421875
1 0.20051256352630417 0.1875074676006804 0.062028343089554114 0.1896279843909034
1 0.9566307533196496 0.23657254952881462 0.08469368344863355 0.19198165807470077
0 0.8754262051150479 0.22592273700761015 0.07607720755093475 0.1877753077118811
0 0.646701241415793 0.3210814364673052 0.0543203822189696 0.20732391587924912
3 0.6479051931129952 0.24845246831847062 0.037355075135573304 0.11065724700477508
1 0.48273925624651587 0.1637624658713999 0.05486073770335977 0.16594494773041454
0 0.2768558531466991 0.4964856527172232 0.06151525868240286 0.23569445253973792
0 0.44147741023009557 0.40612109146196307 0.038000490630226126 0.22159474700477516