4 0.23359375 0.46328125 0.05390625 0.06015625
3 0.059375 0.83671875 0.09375 0.1484375
4 0.2203125 0.3859375 0.025 0.07421875
3 0.32109375 0.56015625 0.04140625 0.11875
3 0.6765625 0.653125 0.046875 0.1296875
0 0.3765625 0.265625 0.02578125 0.1359375
2 0.45703125 0.31015625 0.03359375 0.09921875
1 0.6734375 0.83359375 0.09296875 0.2953125
0 0.95078125 0.6671875 0.09765625 0.21015625
4 0.93125 0.59453125 0.04453125 0.0703125
0 0.73984375 0.3890625 0.04765625 0.1640625
0 0.5 0.425 0.02734375 0.171875
2 0.43671875 0.38359375 0.040625 0.11484375
1 0.6625 0.3875 0.05546875 0.175
3 0.7046875 0.37265625 0.03203125 0.09296875