2 0.14085641964062107 0.3297082966371182 0.09242109943080715 0.14974738649288194
2 0.9637136724832901 0.23255868616722303 0.07257265503341977 0.1439331443766667
3 0.36200471671852175 0.337979310789167 0.0418347183433748 0.11498987357510418
2 0.43661538433384317 0.09372212414378508 0.04610916111920442 0.13617454255305558
2 0.8994989882288772 0.2606823797464591 0.09313416558343128 0.1458593202884723
2 0.49757184415250605 0.4988830560395144 0.058922806817133376 0.1544342332825
3 0.5805893011350906 0.19937532494121574 0.03321369480442442 0.11322735182361114
2 0.22966377516050812 0.2724244331300002 0.07753643912238166 0.1470581443766667
4 0.3613224728043064 0.6120707742200351 0.0419029021907507 0.11889612357510408
1 0.4630762930174156 0.31221820421590313 0.07625635714144482 0.20794109298989588
2 0.2693262930174156 0.3077086229095141 0.07521996266133195 0.1485660929898959
3 0.7834292978853843 0.6351712738387854 0.0698642609570486 0.11017574021635426
1 0.6237256465087079 0.16523736749427137 0.08217907467404081 0.1893365633546181
4 0.782587772317839 0.5422207076343757 0.04415119480442442 0.11348192496187508
2 0.8647901663909149 0.7776328371934035 0.12303985389503395 0.15905030452090294