3 0.10390625 0.496875 0.07578125 0.109375
2 0.346875 0.24375 0.05625 0.13125
1 0.95390625 0.20390625 0.0921875 0.19296875
0 0.6625 0.215625 0.046875 0.17109375
4 0.1046875 0.29921875 0.06171875 0.06015625
4 0.57890625 0.16640625 0.0296875 0.0578125
0 0.94296875 0.05390625 0.07734375 0.1078125
0 0.453125 0.51171875 0.03828125 0.165625
4 0.2046875 0.15078125 0.04609375 0.0671875
1 0.5 0.4390625 0.075 0.20703125
0 0.5890625 0.0484375 0.028125 0.096875
2 0.8390625 0.1375 0.06875 0.12265625
2 0.8171875 0.084375 0.0625 0.11796875
3 0.7828125 0.33828125 0.05390625 0.1078125
1 0.81171875 0.509375 0.1078125 0.221875