2 0.3011152244258642 0.876186519186042 0.11164443222252274 0.22204061379145834
1 0.6338498579489285 0.8347322499030909 0.12180641071216733 0.31208438554295126
2 0.3258543514561067 0.7276042020317016 0.09243078206036692 0.1950417026972918
4 0.7823788611953393 0.8881689872696533 0.054225624187573374 0.10903081430454833
4 0.7284400146072013 0.4823904595342367 0.045045493100141165 0.07523704255305556
2 0.5340121302733581 0.39430531202343794 0.04524609050235338 0.13146885875746533
2 0.48584163717321693 0.31899553428802124 0.03951824188232518 0.11649782218833345
2 0.6676815669601078 0.6254488220914242 0.07724611282348767 0.17516496058107656
2 0.5976012974816426 0.3239395670574311 0.04500062865180041 0.11740635875746523
3 0.14908552556424995 0.5774554656150696 0.07023245373287823 0.13126949021635426
3 0.7241493498312537 0.9437474402060246 0.07567393019392785 0.11250511958795073
1 0.5098712467502938 0.44294218056454904 0.07232283360249454 0.20628767401194442