4 0.42734375 0.7984375 0.05234375 0.06484375
0 0.59921875 0.465625 0.03671875 0.1515625
1 0.5 0.44453125 0.0609375 0.178125
1 0.4015625 0.6046875 0.08359375 0.18984375
1 0.86328125 0.9046875 0.165625 0.184375
1 0.18046875 0.421875 0.10390625 0.18203125
0 0.7203125 0.74453125 0.07265625 0.1453125
1 0.7203125 0.59296875 0.07421875 0.20078125
0 0.71484375 0.49609375 0.0578125 0.1515625
2 0.28828125 0.23046875 0.04765625 0.103125
3 0.3453125 0.41171875 0.034375 0.09453125
0 0.05703125 0.30859375 0.0796875 0.14609375
4 0.29296875 0.778125 0.03515625 0.078125
2 0.36875 0.8765625 0.0765625 0.1546875
4 0.378125 0.12265625 0.02109375 0.05703125
4 0.034375 0.6984375 0.06875 0.065625
3 0.35 0.353125 0.03125 0.09140625