4 0.9583111949104163 0.5608180310127374 0.060720600873680655 0.060577935070022626
1 0.14831402659805493 0.751464108353221 0.13029017809600713 0.1660509931755744
2 0.4797452113435757 0.7927099623632156 0.06927928970326391 0.1265304208019991
2 0.8809641788585065 0.7253663744787622 0.13165200313413195 0.12397265508623327
0 0.4553875230826733 0.46153058291754545 0.04111792211208343 0.12365797787409356
2 0.9329468657882287 0.6089087746025966 0.11077645868121522 0.1323651978903042
1 0.7630740429343053 0.4140756559102935 0.13530563962701408 0.21388917969333915
2 0.21507883292190969 0.06711053308416125 0.08390483415618064 0.1178467795695046
0 0.8441435113991664 0.3584121608726923 0.12447593597979179 0.15095253205070397
0 0.8599893297877775 0.21524435772953915 0.12273225123427096 0.17662462014004515
4 0.12914198613229164 0.029477792389786168 0.04093477773541672 0.04873075248119937