0 0.5859944204341184 0.9225619547150957 0.08320934800056712 0.1548760905698085
0 0.8458729397562301 0.5857726455140285 0.1247445727728234 0.21913381933854179
2 0.8643128825925033 0.8637710121552786 0.15572175426116922 0.21204867116215276
1 0.6072395148913065 0.5231407864722227 0.11070192014041833 0.2640826434267362
4 0.42067453231450164 0.5367817931217365 0.064184040288686 0.09438708605604162
3 0.4392633304077358 0.4746636528291324 0.03979416469812271 0.13363077080156244
1 0.2764806213293939 0.2550745853904516 0.10262403611233469 0.21159342306201392
4 0.6246130756832304 0.1599686392457644 0.025565484390903493 0.06148301386770836
2 0.4793005094490109 0.6491739967689588 0.07696927168436432 0.1922615416031249
0 0.4869840677938641 0.45153593056454905 0.045756477219327255 0.2149535059839236
0 0.9400148093563436 0.5543427671892717 0.0903695727728234 0.2183337323325695
1 0.07698407441728604 0.39273432028847227 0.12505459681944064 0.25036563554295144
1 0.11995033521705925 0.46097648043270845 0.14084328792643325 0.25541681145475703
4 0.894047611162593 0.07945056354204935 0.052800106986241956 0.05899444671336811
1 0.16994293385059844 0.17127885400781265 0.09537453130301125 0.20517976890170148