2 0.8509008347840815 0.7365742228445947 0.14604886228216216 0.1580994682887944
4 0.3183966656347124 0.42981338652111944 0.06439644789030421 0.11127069994353019
1 0.061216270523371294 0.1958732130977099 0.12243254104674259 0.21440267619541978
4 0.3747730599675787 0.16126778384793117 0.04117511765884583 0.08109037628012436
4 0.5068939696064352 0.7557065705384598 0.0708455010334573 0.09918022362105354
4 0.25318258044085534 0.5349034339467533 0.05898120181924558 0.09537268415851478
4 0.4629857276692057 0.38653236533325763 0.04105099317557439 0.12861011838761663
0 0.3830092832935582 0.3544563417263215 0.06029545285270288 0.19050317363517094
1 0.6300427568244256 0.16360164150044257 0.11960198635114878 0.2594043630553576
2 0.0582463103306415 0.8561582657144283 0.116492620661283 0.1554749972279897
0 0.7066993403656527 0.4015104361540661 0.10226462903138529 0.18827281570031093
3 0.45941546381546683 0.5304643758566014 0.04188574710451576 0.11307612364928836