0 0.2766808713449044 0.37585814034162973 0.08203302434972919 0.137622016805914
2 0.2009814419617554 0.37745779102620175 0.09532791111920443 0.13894443627356629
2 0.8831433311668626 0.32328085186124805 0.1032222317360553 0.1439502712545382
3 0.9307410799490465 0.36659711174707976 0.08451709618439622 0.10103060079830276
2 0.8046246392018119 0.4317207515572369 0.09528700081077872 0.1366006862735663
0 0.17746034699517516 0.23753578657757748 0.10117849066450915 0.16104227076024671
1 0.42602985510955466 0.6130291709877081 0.07949440543716157 0.17108843281352523
0 0.5504826099808187 0.452593031177551 0.039627336038126515 0.12340300790866543
3 0.9711791193163094 0.6229717871462311 0.05764176136738115 0.0761751808363588
3 0.9194913031603902 0.795520607792747 0.09325116801906326 0.06469385277546902
0 0.5066331984545771 0.48984102178601086 0.037160855112849944 0.11627625741437378
2 0.8073000312495882 0.09300842003630601 0.0849125624991764 0.12368685079830274
3 0.3120262617678275 0.2539486482502952 0.051046077109672794 0.10669301038012335