2 0.7296037087841765 0.8321122934277527 0.11677151869827132 0.2381250463187275
1 0.3750792934436313 0.7954707419372294 0.1272555800445435 0.33387419396136264
2 0.6988520534293137 0.6748648736592111 0.09691300469445316 0.20909036372990428
4 0.21945654945094914 0.856654452647815 0.05679598734881743 0.11664599855225788
4 0.2636754327259518 0.4246745525239806 0.04779315734404488 0.08108948821317571
2 0.4673356873806342 0.3268598289931133 0.047702798018771905 0.1404281009096228
2 0.5164175300365892 0.24562479156572586 0.04127098468331738 0.12451200248119942
2 0.33265379408017814 0.5754514944184288 0.08105164735836254 0.18805011765884583
2 0.3977038927036801 0.254280661705771 0.04674882535009015 0.12554796360606985
3 0.8822083514083147 0.5115535827171669 0.07347495735199913 0.14084763192686936
3 0.28273834679340326 0.9209309683635809 0.07967041335136278 0.1364512303552928
1 0.49450726205440654 0.37796641067231374 0.07517436469604419 0.21979026923042239