0 0.479312179316303 0.358116638541898 0.04085178756616052 0.17968965405277598
4 0.5783372697344824 0.3290713014860141 0.05031301779449713 0.08655823821317572
0 0.7850064223962209 0.40522934883819894 0.09078812056996632 0.18045594148016342
2 0.1688309826626134 0.4861130901562558 0.10164736612134195 0.15990800103345731
2 0.48994463730151805 0.5582086838271684 0.06658661661563343 0.16061432237357565
2 0.3398969218647482 0.7829089691876412 0.09180945110231384 0.1672474660872691
4 0.4805789075674731 0.4614963496667685 0.05004110376405215 0.09902185090962287
1 0.09381244213070325 0.675171282050704 0.16779363095008956 0.2331678726212445
2 0.27657845155942445 0.2430052531003719 0.07379428015178675 0.14613444540910478
4 0.5214917035365908 0.24501947911243863 0.043235346843970034 0.06595463978475227
4 0.19731814962162675 0.8819371664587727 0.05453760277546911 0.09455267473094046