3 0.6986517473094036 0.5274529940609982 0.060907574854774896 0.10163670783841638
0 0.4835297074008169 0.4314715896669362 0.042996636889268205 0.15260817445232178
1 0.18198205417661045 0.08799540815498566 0.11474535835322089 0.16873929130365367
2 0.90122016749223 0.3539031484550602 0.11156470037150364 0.15070234514371972
4 0.5191332595105127 0.324841156439126 0.03165672249741007 0.11014788981258565
3 0.7154452175350112 0.05046459672656527 0.048822797766469604 0.05993494114536908
3 0.11819149772368842 0.3599864169304743 0.07529756058675123 0.10907713479802066
0 0.7128406416422699 0.7985922081676209 0.0903767510334573 0.0978130258642473
0 0.4969136571531479 0.3335569268930971 0.04197994644256227 0.16428146034569907
2 0.8132684414801634 0.10714415723054882 0.08883567576439759 0.14848061559769077
3 0.02614727708830522 0.042110943652651556 0.05147691687305751 0.08341790525199178
3 0.8165947644729113 0.41307590848419007 0.0728810359796455 0.10744643863808659