2 0.2331701992653561 0.6075261317432293 0.09241714529089187 0.1942604526972918
2 0.6252393279204517 0.2519561174942714 0.04156198295387146 0.09936487357510418
0 0.5874938660698985 0.237020795305938 0.028413146508707854 0.15138131525447918
2 0.12490728043221862 0.8902437935029862 0.15384556899199797 0.21951241299402752
4 0.9068760750744872 0.9856321579584378 0.12114434293798552 0.02873568408312437
4 0.3539916193163095 0.28156565662885447 0.036932984171687444 0.05786770459715278
3 0.473107632301953 0.4842568583762157 0.031183590502353375 0.13114155043684034
2 0.23968365746575646 0.2648483224726738 0.04868869034019756 0.10499727773541671
0 0.6501527422827718 0.9107433571419448 0.09710464529089187 0.17851328571611055
1 0.746615090499058 0.6288478854460423 0.1331296943973875 0.28970089247680575
2 0.3041900369283357 0.5154672247331252 0.07246315543716157 0.16958710780753491
2 0.8760302605500115 0.30308743208316047 0.0652040344959989 0.11162913744281262
3 0.27990350852141666 0.19784331363895857 0.023979016639091456 0.07630858007211802
0 0.4119989882288772 0.24933569129812536 0.026946103895033956 0.1568136976632987
3 0.9741307954530477 0.5288342741231258 0.05173840909390463 0.1388819684648613
0 0.46731377962473497 0.28654605698944485 0.027150655437161574 0.1685324476632987
0 0.6806064866040241 0.47112499800322977 0.05934159253094826 0.22316604948690966
0 0.2912131554371616 0.17467857057281272 0.028839840502353376 0.13108699905006946
2 0.6459702081938097 0.6343146758148963 0.08546771590774291 0.19878429853697915
4 0.37425352637832415 0.234400369109792 0.017442644480112967 0.0597568597073959