3 0.9157243046178121 0.47763458463433944 0.08639405452090258 0.12225816612815983
2 0.6557914858479512 0.20571025893062442 0.06508275218420145 0.14596776985163196
1 0.02183797919843747 0.17603516992788193 0.04367595839687494 0.21355466014423613
0 0.30964383767156234 0.18253386417270806 0.05594479473725702 0.18948138050895835
4 0.9200163335874997 0.2596840184299298 0.06873312262517359 0.06797005642076392
4 0.4023047695672915 0.1265001100886455 0.03428538744281262 0.06404496941479172
0 0.02421875 0.03515625 0.0484375 0.0703125
0 0.5317668787060066 0.5021878282691662 0.046424324372534895 0.18301317496187508
4 0.8144235630702777 0.09972974981256875 0.0525087105810762 0.07540069671336809
1 0.48282219206062466 0.4244635249825343 0.08810398451677096 0.2292712323325695
0 0.3930590157675694 0.02528247551825505 0.031850718464861136 0.0505649510365101
2 0.11789405518649296 0.10110594547909713 0.07892704663711818 0.136920078172257
2 0.1432583843086805 0.053405542410885375 0.071295731382639 0.10681108482177075
3 0.17446679103444418 0.3207631756274651 0.061339503134132035 0.11933253466927081
1 0.13807143009277736 0.5090087112466666 0.12442334422416686 0.2465139369297223