2 0.6138074139879096 0.09263955629782958 0.05070052868395365 0.12763009631100794
2 0.5767068559834553 0.12523843285945854 0.051581776018453776 0.13622839149054777
4 0.5749030725652775 0.7502702491162372 0.05706925469445316 0.20500566256778646
4 0.015620044159773045 0.14618919877033598 0.03124008831954609 0.08924885236113216
4 0.4637319519414572 0.4339771077238853 0.04845677601845377 0.1362102107723885
0 0.17818480327023017 0.46591186719185507 0.10890502204008908 0.29592609923787416
4 0.2852342346037756 0.4649720567888089 0.045440864019726315 0.14556703005422927
2 0.2600369766470464 0.14605388514583598 0.06336416068586281 0.1417653191836449
4 0.5248432692950471 0.28510379136891084 0.04421417134786303 0.10728123487468952
4 0.011155265495704742 0.10006817769309713 0.022310530991409484 0.07356931020665444
4 0.0236064448102397 0.38452499092481374 0.0472128896204794 0.08857668667008749
1 0.2226284306572277 0.07083117134838533 0.0766181386855446 0.13949883723582165