1 0.45055966033306366 0.4775653396669363 0.06793296074141039 0.18853731426490725
0 0.25936767366089886 0.27652436223247845 0.039316215755975305 0.14399169239901025
4 0.36388271127013583 0.6079682420159342 0.030838474531463954 0.06724733597251956
1 0.03856944035394627 0.6349349411453691 0.07713888070789254 0.23549488229073817
4 0.3856680977175091 0.396704133082161 0.02644649122451135 0.07726719365265158
3 0.04211301134927809 0.5681111539983505 0.06503762978345572 0.11585833221159589
0 0.006052785712148364 0.4776847307996701 0.012105571424296729 0.17646321159934023
4 0.7774748836773935 0.8780333187507467 0.0831284002374268 0.09374765149106815
0 0.6386530422280905 0.5432454786215921 0.05525110431491971 0.18192360141192587
2 0.3529070735026143 0.34023517273646203 0.043762023356964976 0.10899456677218974
1 0.07288126987703077 0.8414948297043134 0.14576253975406153 0.2103334094086268
0 0.008270852088626665 0.7114376051728495 0.01654170417725333 0.19709396034569907
4 0.20651179513108436 0.400092242873864 0.034168063011266 0.07436951418576498
4 0.19384168124925324 0.8086632608205526 0.07660561559769077 0.08419079506457727