4 0.953471317276569 0.32260925324967893 0.05437431874690688 0.11497272477225655
3 0.472605340343633 0.06017367440158761 0.03114818068726599 0.08842758293962456
2 0.21809265999505123 0.18853425426116927 0.09350873982323468 0.16234872177703163
2 0.8771909367917015 0.7121950537051658 0.14177249943417322 0.20536460099579196
3 0.8046044493433161 0.39851201042125506 0.07126856965141819 0.13973711179556503
4 0.9985799298953115 0.6648166006172738 0.00284014020937704 0.13314980589778252
3 0.5462806942549334 0.46903280842967127 0.04326640038411274 0.1410987151536096
4 0.32850337403768837 0.5245932945498553 0.04730876922187681 0.08431300181409859
2 0.5724448880596409 0.045724283201927805 0.04488977611928178 0.0530357199629331
4 0.6542514880142123 0.1335814364673052 0.05380775271353357 0.07440228847458741
1 0.934587462262515 0.18103931214268637 0.13082507547497002 0.24054813284695734
4 0.25962838478028055 0.1626910060752678 0.06351030133405242 0.08097967068857251
2 0.4286948880596409 0.04070442258748906 0.04879602611928178 0.053172129218760245