4 0.05346072026814267 0.9291224959159375 0.07978961216700926 0.1384462105810762
3 0.31756159581820587 0.3282275706697219 0.04117543973360736 0.1102296383927431
3 0.9243938690499103 0.20405161426961724 0.057917270760246706 0.09969218189572918
3 0.4763715686321685 0.4533152235957635 0.03302735870696818 0.12096711664125
2 0.6998952292397533 0.08205390017315912 0.04694793726214961 0.09865635875746533
0 0.5401900350203406 0.6110536819926384 0.05440229300336803 0.20497909393982638
4 0.9291331071869123 0.2601379601093048 0.03754376235728962 0.05941202080156245
0 0.5868965972638995 0.7098717352792703 0.07080854300336803 0.2053609536472223
2 0.6606404337649273 0.29838806820118 0.06319236117842611 0.13337685087368065
0 0.8227942183653385 0.1307069928787146 0.06264853311753633 0.15834048328250003
3 0.7761128779471591 0.16535540302295074 0.0421012697716634 0.09464100598392364
2 0.8353141230042432 0.18739275076249928 0.06955510771838505 0.1171342550339931
1 0.508282165933249 0.7811668134515274 0.07230205882069889 0.2803245860560418
4 0.9089744574909236 0.18021472397701313 0.05610276136870666 0.055160931895729216
3 0.7188031022439965 0.2884487173274994 0.04576743923931588 0.10799499116628475
3 0.5346005627006696 0.4800582551309023 0.03859160920125966 0.12343815321038196
4 0.6486298650955777 0.2292023103173953 0.03274351581733086 0.07569098423243056