2 0.6726860639972086 0.43311585172670186 0.0722102719354103 0.15695982123840296
3 0.6848087692218768 0.09865058595913252 0.03213414857509047 0.09204268284565975
1 0.7902154799851535 0.5614792007005215 0.10837350124319549 0.2514371730620139
2 0.05020247512391361 0.1985836235751042 0.08627941598794504 0.1276359971502084
1 0.1677573880596409 0.029654398460729307 0.07453633254171695 0.05245415919430561
4 0.3595697518090223 0.05674749458475724 0.02371413896415202 0.05049096248093752
1 0.21837154172311407 0.042536911378507125 0.07268058344622812 0.0766001740119445
1 0.2747907123451565 0.9366973266762761 0.19351538387576941 0.1266053466474478
3 0.6100046002932558 0.32397593464861163 0.03640556874690688 0.1139904180280209
2 0.5367076204196437 0.42917062129399347 0.0604915219354103 0.15668706430454868
3 0.4748505930571665 0.12731652735416707 0.026047922885349982 0.09502221248093753
4 0.14710513059640906 0.2609219290459376 0.03600609905006032 0.061701219414791716
0 0.4431700616223594 0.5799317278672573 0.060645330166867774 0.2042887629177777
1 0.8286970465843542 0.4024139784359382 0.10944800033868418 0.22727297444878475
0 0.428401638964152 0.05991016859670174 0.02945952792830404 0.10056369766329862
4 0.762599576548823 0.12387009792697981 0.030206478403274062 0.07014949905006947
0 0.28693119120271565 0.15961661502572938 0.05650006275401313 0.16985921153100697
2 0.17751856965141816 0.1414640674386807 0.06781934305716653 0.117842769851632
0 0.4655984237898611 0.12944207180708373 0.03516065128862387 0.16468074905006952
0 0.12625596279944173 0.08643042211208343 0.06924904624566981 0.16001208605604172
1 0.0420314490046318 0.14689383700597225 0.07788041779696733 0.1758189240119445