4 0.6014408219141194 0.27210437653864633 0.05438803903121965 0.08500901136870649
3 0.43315443022718 0.34491584094965205 0.04544028590796181 0.15806450939154013
1 0.5266776921310365 0.4440165272232184 0.11264648750696811 0.29827035672980173
0 0.385403252337691 0.4609109140676259 0.07581410801847292 0.2772429323192336
1 0.5466982588787946 0.12615786516993982 0.055896517757589234 0.21004084486680372
2 0.32029081586399516 0.2778318172236559 0.08467095755093475 0.18856243429639993
2 0.8608764718906784 0.6958588474126237 0.15139991529826133 0.24673703163466154
4 0.04294199980360827 0.13140650889724856 0.04590337334017515 0.10340884288963736
4 0.8557354956983916 0.8862291794278463 0.08848175878059869 0.1723153517868859
1 0.7329817134046672 0.3274524042189752 0.13061069232742833 0.29822127718603725
2 0.7970265535673551 0.4612809175648481 0.11216469847574828 0.21545785672980172
2 0.49714875253408286 0.3358074377936221 0.06518970452587247 0.19636034684397002