2 0.9113845705160578 0.634205524611615 0.12133996071058561 0.1615625463187275
4 0.38226011249155933 0.37898956327734756 0.06606810980096292 0.11299445967712848
1 0.09058645864367114 0.17063352357364855 0.18117291728734228 0.22094185442427944
4 0.439708855252849 0.09957173697483064 0.04206552956950453 0.08303297787409351
4 0.5750810434277527 0.6911855405322685 0.072517162944116 0.10082194540910479
4 0.3153379780834905 0.4935829102580289 0.060652863729904374 0.09715113585581073
4 0.5300105618296055 0.3198777748165028 0.04197779238978612 0.13136131596343467
0 0.4485080047575109 0.2956098289931133 0.06207627667402047 0.19466183664159917
1 0.7007191298599549 0.10339027874431697 0.12118160297653731 0.20678055748863394
2 0.09631172643086064 0.8444498591817904 0.1585488622821623 0.1570591368892682
0 0.7799741745260527 0.30901508767956565 0.10482670285270287 0.19197563833701023
3 0.526258361458102 0.46738847560229113 0.04281254631872748 0.11580909057054053