4 0.494900905699638 0.34168215426217297 0.043562971505869005 0.10256422787409356
0 0.5591315812985215 0.17191115570991497 0.04276178934826476 0.19137201674922305
1 0.9583303991409174 0.07447969168956034 0.08055503844375381 0.14895938337912068
0 0.8044562901412343 0.3981845955374485 0.10628205676111939 0.22862161372990428
1 0.7081545002271425 0.3917591211780117 0.10261482417397402 0.26274190260503383
1 0.5057232982818347 0.1946616050479612 0.07413462008095947 0.19517125889134013
3 0.46481725802905877 0.41010682258297243 0.038333238918723464 0.13661174214211727
2 0.6420780416115723 0.5818790070338224 0.10266905585660827 0.20429370181924558
4 0.082952025103229 0.6180521790741664 0.09767726141996073 0.0941738391227986
4 0.7824053912274597 0.7148455566623191 0.07682585085908258 0.11268624462331651
4 0.18484647501237197 0.44340958995136803 0.04610811736742604 0.12138700248119924