4 0.3 0.4046875 0.05234375 0.0703125
4 0.5078125 0.46875 0.05078125 0.08125
3 0.36171875 0.30703125 0.0234375 0.08515625
1 0.51484375 0.28671875 0.0453125 0.13671875
4 0.525 0.54140625 0.04765625 0.0921875
4 0.4421875 0.378125 0.040625 0.06953125
3 0.47734375 0.31171875 0.01875 0.0875
3 0.5046875 0.3734375 0.0234375 0.11015625
4 0.5671875 0.31171875 0.0171875 0.04921875
4 0.53046875 0.3109375 0.02734375 0.05
3 0.890625 0.38046875 0.0484375 0.1125
2 0.6203125 0.346875 0.04453125 0.11484375
3 0.04609375 0.4796875 0.07109375 0.1484375
3 0.83125 0.36796875 0.0421875 0.1078125
1 0.1796875 0.57734375 0.11875 0.35390625
3 0.42578125 0.2703125 0.0171875 0.071875