0 0.5978542694541309 0.9000986006453278 0.07799937269254435 0.19194776663909147
0 0.8381947220719057 0.5442106594910561 0.11811584269572606 0.21608074188232518
2 0.8703099774426768 0.8204964699616374 0.1492840266947713 0.20959496266133187
1 0.6000492847310426 0.4845963315706044 0.10379935136854393 0.261134143262297
4 0.41665552940004236 0.49857919074393936 0.06122894867918127 0.0932375312495882
3 0.4315623667249973 0.4371331761334428 0.0366925726845901 0.13264490462638268
1 0.2611027740292714 0.22013877069628127 0.09694027669477148 0.20868129910649555
4 0.6005459873488175 0.12452190218745537 0.024137481341499623 0.060565353084255105
2 0.4796560634149962 0.6098127455324779 0.07173119135899882 0.19027617248329012
0 0.4781555560550429 0.413732632301953 0.04075391136218052 0.21316820170428324
0 0.944453348693101 0.513320943987055 0.11109330261379782 0.216861991882325
1 0.07056068471513413 0.35819037540538945 0.11769821936663483 0.24731710511284993
1 0.11586464139081554 0.42537392126547413 0.13337776336727117 0.2522773405023534
4 0.8628272640038179 0.04317999350058767 0.05143577800763595 0.05713639001588604
1 0.15158177601845368 0.13855575973923265 0.08984539202736234 0.20308981818121902