2 0.31140636922159526 0.881041899758414 0.16421630054030487 0.23085235389503395
4 0.5101191106992568 0.4601315616916926 0.05604415807470069 0.08452105032431163
1 0.33350948148049653 0.41709244805413065 0.10582344718226037 0.257940959414921
4 0.5277778366526397 0.4285542792242885 0.05472719473518968 0.09152502678536116
2 0.48969993937771206 0.27834577354224566 0.04231896397248338 0.11629320170428326
2 0.6147520801140357 0.7029854890462467 0.10620539309857638 0.26887845941492117
4 0.20287206197305033 0.280225467939633 0.05042907513507622 0.057876729707460585
3 0.7122247585223385 0.4050098648586732 0.048469760251619046 0.13591990909060953
2 0.33519099945184583 0.1966163068204286 0.03971975362819711 0.08657842816533297
0 0.6016939970895931 0.3514366258157218 0.04608385943331239 0.22410570170428343
4 0.35887901451278825 0.33769527435302454 0.04329862141421188 0.07727161201270878
4 0.2823338726801563 0.317143040992116 0.029290685116542824 0.07858865016215581
4 0.34242314609380126 0.22463221266462724 0.036175602176918266 0.05216251785690744