3 0.9652442989592032 0.5894518550398355 0.06951140208159359 0.2011653463973609
4 0.6136419346439951 0.4266058964099962 0.04754114258219673 0.1480343347188784
4 0.18677846223361486 0.28937605172849495 0.08271068068726613 0.08977320533113406
4 0.5136352905914603 0.4533382294795219 0.05321461047002103 0.15209970909205772
2 0.5250862884437536 0.1806508872387961 0.05913373982323478 0.16085258346523715
4 0.2764064490046318 0.15391357633910116 0.04743159995457145 0.08640651293212373
1 0.8598848217712394 0.747465280350087 0.28023035645752115 0.4615896840192331
4 0.21903211951513263 0.3987426915410805 0.06431920680654794 0.14072193989172793
2 0.9437748730774065 0.4725227678136747 0.11245025384518711 0.23658602084968267
2 0.7363147105361342 0.8955217376448166 0.18140488749381395 0.20895652471036677
3 0.7800791621427579 0.4766921276053776 0.08782862788287567 0.18742945533113406