2 0.54375 0.42734375 0.0484375 0.140625
2 0.7703125 0.33515625 0.0625 0.1234375
3 0.3875 0.10234375 0.01796875 0.06796875
1 0.25703125 0.1328125 0.05078125 0.12734375
4 0.39921875 0.3640625 0.0421875 0.059375
0 0.6921875 0.4125 0.05234375 0.1875
3 0.18203125 0.20625 0.0359375 0.084375
4 0.78671875 0.49140625 0.0640625 0.0703125
0 0.44609375 0.115625 0.01953125 0.1265625
0 0.80390625 0.63046875 0.09296875 0.21328125
4 0.3015625 0.2171875 0.03515625 0.0484375
3 0.053125 0.45 0.06796875 0.115625
0 0.34453125 0.36015625 0.04296875 0.17890625
0 0.29609375 0.19140625 0.0359375 0.14453125
1 0.5 0.42890625 0.06953125 0.2015625