0 0.378125 0.49296875 0.04765625 0.20859375
0 0.784375 0.61484375 0.0890625 0.22421875
1 0.23203125 0.33203125 0.09296875 0.16640625
0 0.3734375 0.396875 0.0421875 0.1921875
2 0.39140625 0.59375 0.0703125 0.17734375
4 0.95703125 0.39453125 0.04609375 0.0828125
1 0.1609375 0.3328125 0.09140625 0.18671875
3 0.93046875 0.52265625 0.07421875 0.128125
3 0.36953125 0.32578125 0.03046875 0.10234375
3 0.2984375 0.35625 0.0375 0.10703125
2 0.34140625 0.315625 0.05078125 0.12109375
2 0.5 0.45234375 0.05 0.14921875