2 0.6637378045209029 0.13569599106937555 0.058632730432708516 0.1372285494869098
4 0.7445351692622918 0.2187825544239937 0.032723540653194404 0.0975841680280208
3 0.8087159169811811 0.6950190525241327 0.08125261284152785 0.13619337955902786
3 0.08161563554295148 0.11824281335461813 0.060412782769409826 0.11306435087368061
2 0.21050174211621528 0.019735191013784896 0.05615973423243057 0.030978549486909767
3 0.12276600598392365 0.04111792211208344 0.05021951196784728 0.07768989532659727
2 0.3953138064207639 0.07635213297750033 0.049893510067986216 0.1307785277354167
2 0.5068033523922921 0.43812739399541706 0.0633208836430903 0.17091321846486113
3 0.021786693863576498 0.13090516109416667 0.040154834156180645 0.11493532218833336
4 0.8376331654625698 0.327141874712466 0.040790613791458694 0.1087035059839236
3 0.2227673124046876 0.11059658035645852 0.04711334897381949 0.11197397634864585