1 0.83203125 0.43359375 0.11015625 0.2078125
2 0.5 0.4546875 0.04765625 0.14296875
0 0.64921875 0.20859375 0.03125 0.146875
2 0.48515625 0.34609375 0.040625 0.12421875
3 0.44296875 0.31328125 0.0234375 0.09765625
1 0.7046875 0.3 0.07265625 0.17578125
2 0.54140625 0.2046875 0.0328125 0.09765625
2 0.26640625 0.87734375 0.11015625 0.21171875
4 0.48046875 0.94453125 0.07421875 0.09375
2 0.634375 0.51171875 0.06328125 0.153125
1 0.32890625 0.4375 0.08984375 0.18203125
1 0.56015625 0.27109375 0.0515625 0.1484375