4 0.7978820635469827 0.45303097112412105 0.03407178482570927 0.06892726200205246
4 0.12375516678091451 0.4999085755283567 0.05697037426483096 0.08858577702916719
4 0.8133045884230692 0.6505372301993073 0.07468681874690689 0.11368122579950324
4 0.381777949458917 0.7030325337666625 0.05555836047002103 0.15105850595192827
2 0.43089047885755927 0.7792859615579555 0.10137987279449305 0.26535281010845857
1 0.06608399635406997 0.6706301416869395 0.13216799270813995 0.30483346662612104
2 0.7060730218238687 0.4910536667711991 0.07780185266810484 0.158217020979043
3 0.4777399819097769 0.48144790437636314 0.03414038387576941 0.12984658128389343
1 0.9197980071245475 0.4515406731159109 0.12433269391624932 0.22643575585373252
4 0.3277908915661439 0.5260569433093869 0.05701131784239584 0.08936702702916718
4 0.48571625622003645 0.478277452580965 0.04155009215265544 0.0924011234383709
3 0.4851386448455042 0.6532274556060271 0.04827480495209713 0.17600850897699055
0 0.9239333084586001 0.3726344231159109 0.07388895861557003 0.1878727047222643
0 0.8327184882413551 0.30990313984022777 0.05193871551297491 0.1565045300542293
0 0.15659092096478605 0.603592111730906 0.10038726085413385 0.2911204245698393