0 0.48458251561628984 0.38418409327606157 0.03301300878059869 0.16986855589778252
4 0.576956367977422 0.35537210171358213 0.044999403492600364 0.08202381551642937
0 0.7742444584346975 0.4255556600584353 0.07987891842151917 0.16994296696770822
2 0.1963007447354427 0.5085193720471841 0.0907027889330239 0.15079366288402413
2 0.501455877347196 0.5730928258528664 0.0571181292921036 0.15118304328391083
2 0.36737072707604945 0.7872049111547437 0.08136869554888211 0.15749753067003916
4 0.48948311817381374 0.4820313162342195 0.04350053600615773 0.0929067518140986
1 0.13117921790266723 0.688313510251619 0.15124537919390763 0.21930061542376222
2 0.28907054859738535 0.2773363486335392 0.06484881606038692 0.1373933617955651
4 0.5211517955723233 0.27684530842967126 0.038631228824565336 0.06149306070710594
4 0.23553894409495388 0.8826215601589518 0.04894201492891881 0.08841022477225664