2 0.70078125 0.253125 0.03515625 0.07890625
1 0.8484375 0.565625 0.12890625 0.24140625
4 0.56328125 0.36171875 0.03515625 0.05625
2 0.71953125 0.31484375 0.04296875 0.0953125
4 0.49921875 0.4828125 0.02421875 0.0625
2 0.80859375 0.29296875 0.046875 0.0890625
3 0.63359375 0.24296875 0.01875 0.0671875
2 0.92578125 0.52890625 0.09140625 0.14921875
1 0.6234375 0.24453125 0.04453125 0.1171875
0 0.55703125 0.3328125 0.025 0.1515625
4 0.653125 0.6046875 0.03671875 0.07421875
3 0.87734375 0.46171875 0.05078125 0.109375