3 0.05078125 0.04609375 0.06796875 0.09140625
1 0.53515625 0.95546875 0.0828125 0.0890625
4 0.67578125 0.61875 0.03203125 0.07734375
4 0.20625 0.50234375 0.04296875 0.0953125
3 0.43203125 0.7015625 0.03671875 0.06328125
4 0.5078125 0.4890625 0.0484375 0.05859375
1 0.365625 0.915625 0.1015625 0.16875
4 0.453125 0.8390625 0.03046875 0.1046875
1 0.634375 0.26875 0.078125 0.19140625
1 0.43359375 0.353125 0.06953125 0.1375
3 0.6921875 0.2640625 0.04453125 0.09609375
3 0.4359375 0.29375 0.03046875 0.09375
1 0.3765625 0.703125 0.096875 0.14296875