1 0.4898822647915665 0.3074304878494644 0.06731612847863175 0.21610863883740708
2 0.5566506121298282 0.23878712605389935 0.05131444368794007 0.1297346292187603
0 0.5142376190499105 0.20750240971916328 0.03538303756616053 0.17910714664195543
0 0.04747458889812361 0.8556299519067657 0.09494917779624722 0.24499009618646853
1 0.25148029247189546 0.18469242541307793 0.06422562056996624 0.17855407513507626
1 0.957620204525174 0.18187735010836567 0.07447737106425763 0.1812524892002268
0 0.8875942060080486 0.1773014667132542 0.07819262007567467 0.17670139845605393
0 0.6680536857420936 0.2809250076349123 0.05789470752810466 0.1954960384745874
3 0.6716044500765497 0.21292897578374684 0.03857702174882984 0.10432540145127885
1 0.5191917158938806 0.14335806416566702 0.05708428262324468 0.1564608203257528
0 0.31313939817593306 0.47119043140352773 0.06600829646340918 0.22230407513507622
0 0.4715195839552077 0.37516362487277294 0.04284271049385406 0.20901290145127885