3 0.03068900265609057 0.7902953602152477 0.06137800531218114 0.2490603922659517
0 0.2897454954476535 0.25801143734633414 0.05558372492717538 0.22104240012383453
4 0.27433579262380187 0.358593634203181 0.049026184877162926 0.10292810090962287
2 0.17844428259467202 0.27567843445085005 0.07431334138279597 0.14077485731976358
3 0.6047279862764535 0.31901944210384514 0.039111627276173164 0.13757492865988183
2 0.6755071506996453 0.1924526339982932 0.05102059389007838 0.11784462551672865
1 0.6349192546188535 0.16625616108659846 0.05564590940862679 0.16955267473094038
1 0.303388109791703 0.16453326509659316 0.06851798244902278 0.15610875889134013
1 0.4987985835317441 0.39339020347638465 0.10213812767188468 0.29264772642635145
3 0.34053275712613595 0.20181278722249965 0.031011970770540208 0.10052869292790545
0 0.9158928068095669 0.29672479528977946 0.09874870321956308 0.25660106451569276