3 0.7431934045727548 0.6415031774347225 0.06761929205628192 0.07500054734245402
2 0.36609613602959873 0.32615670404995223 0.07587267447164336 0.15087270401018138
3 0.09503926834676435 0.18236815201304485 0.0834942769309713 0.11815111067790855
1 0.8141770285021052 0.9248304245504295 0.1540476714465811 0.15033915089914096
0 0.5090643651487516 0.4622043867361332 0.03978063836728971 0.12389203333863605
0 0.243188859393215 0.6364664007001803 0.1028391745698392 0.08634712734722676
1 0.8645825912428424 0.5921309807844946 0.15810391237139498 0.18620222402131717
1 0.835010283373879 0.16910201344681297 0.1442141291939077 0.21572609201940823
3 0.17625693120913855 0.3231664220241807 0.07561359923787418 0.10634145401018139
0 0.7946342264868742 0.39442873010817686 0.10080449677854623 0.13944485534690845
1 0.30462074220135993 0.820787404041998 0.14073006001026264 0.15397097935231727
3 0.18331649404807165 0.04979255669158976 0.06774201190385672 0.09609429734245412
2 0.7372409247662309 0.053112839433449945 0.07864315046753809 0.08997156667727224
2 0.6724637898167867 0.44379183609163214 0.08207267749670528 0.14235167934436319