4 0.7953125 0.425 0.028125 0.06328125
4 0.17265625 0.46484375 0.0484375 0.08125
4 0.81953125 0.6078125 0.06328125 0.10546875
4 0.42109375 0.65390625 0.04453125 0.13984375
2 0.47109375 0.725 0.08125 0.2453125
1 0.09375 0.62265625 0.17578125 0.28125
2 0.71171875 0.459375 0.0640625 0.14609375
3 0.5 0.44921875 0.02578125 0.1203125
1 0.915625 0.42421875 0.1171875 0.2078125
4 0.36328125 0.48984375 0.0484375 0.08203125
4 0.50703125 0.44609375 0.03359375 0.0859375
3 0.51484375 0.60859375 0.0359375 0.1625
0 0.90859375 0.35078125 0.059375 0.1734375
0 0.82109375 0.2921875 0.040625 0.14453125
0 0.20859375 0.5609375 0.07890625 0.26875