3 0.517087542171806 0.45973424793127593 0.028817290653194404 0.09718408267027243
4 0.5994421812301391 0.27122518391950373 0.03246896751493065 0.08629203600413611
3 0.08428995991548636 0.2975375239895005 0.0671349082443751 0.09919202534213598
0 0.2726224952503474 0.12967621996341078 0.05759756050482654 0.15922100600731787
4 0.6834327086812154 0.1194257792409588 0.04269729948690983 0.05595055533895428
2 0.06265004283739603 0.2407426313255913 0.08966452488562511 0.12757156401177222
3 0.2958216462765278 0.020252315981069052 0.033830792553055565 0.040504631962138105
4 0.5541991503605903 0.106863239258458 0.026073497150208524 0.07996931066995439
1 0.23232099040378545 0.882692679304592 0.15498105357097236 0.14863858935390795
1 0.45043194471659775 0.718392179941139 0.059832860941666864 0.18814543734086336
4 0.6244259570656948 0.37096155458309477 0.03108830547083343 0.09408635467059075
4 0.19342334488975696 0.018479005321057382 0.02512793977951393 0.036958010642114764
4 0.6929343420399654 0.09118260057291341 0.024710365691319326 0.05496022000318166
2 0.053727024885625106 0.12597160665977306 0.08250598831649317 0.1220209980108177
0 0.4491545065526045 0.42848479527372996 0.03933786977538212 0.14651192067154534
3 0.4647886514979522 0.8987427512730937 0.04246156335461819 0.0793789646721816
0 0.44704061379145843 0.10263991060632097 0.031035060504826538 0.1589119233370453