4 0.6167251195208726 0.11285126491454808 0.03695849855225788 0.05626883700597225
0 0.041111804695593696 0.7432038329219097 0.08222360939118739 0.12452983415618064
2 0.4755691567433723 0.4626356722089926 0.056404165425315435 0.13866376291777788
0 0.37870254136083803 0.9003551841768399 0.05529327564056317 0.09805694671336802
0 0.39775248759400317 0.18974499249746493 0.04197994644256209 0.1640813370059723
0 0.8911811166298976 0.9391533128828463 0.13176373035529282 0.08110714247680591
4 0.4081762572387103 0.2675426841768399 0.03596107878371626 0.08512053561920138
4 0.7557532704732767 0.36168554236562434 0.062104047766469606 0.05997571846486114
4 0.37610646588238145 0.3026268522048608 0.029291547766469604 0.059211999050069505
1 0.1299440177871895 0.81249673394809 0.1469243116202085 0.20554409802388918
2 0.6315214803598022 0.8507681857923606 0.09326846463952716 0.1426434013105208