3 0.504592761935094 0.4632809691876947 0.026890311346272 0.09606265775927411
4 0.4215819092934564 0.2813837629986307 0.0314505420114541 0.08526155007914227
3 0.9291671426241382 0.28613917834625935 0.06440849267981755 0.09871629631821861
0 0.7412233419796372 0.12838181730091514 0.05493404268777162 0.15701452962517118
4 0.33659947664704637 0.13468827091618954 0.042042596674090583 0.05589229882550106
2 0.9493529206317743 0.22932087701347587 0.08660166601686292 0.12669654381093612
3 0.7168238733290911 0.021048991076535923 0.032758503341817756 0.042097982153071846
4 0.46409776798218266 0.11770169622644103 0.024355657344045056 0.07958821159934022
1 0.7896457305458692 0.8665661274091873 0.15090052335295373 0.1488730721824659
1 0.5727411359007318 0.7143373523363626 0.05683289735836254 0.18596624373179366
4 0.39857057594686607 0.3796765104913483 0.029978948679181272 0.09302858597251955
4 0.8184136453294093 0.017170827478020435 0.024891459341181487 0.03434165495604087
4 0.32754264998409166 0.10761730555592561 0.02405566534054504 0.05380696159934022
2 0.9569119766470464 0.11663902058698512 0.0795158720162263 0.12180445533113407
0 0.5705904792727755 0.42934022670954197 0.03682893268618095 0.14477294239901042
3 0.5613025545433239 0.8919538869760988 0.04074372601049951 0.07850308471887857
0 0.5688489026495918 0.10918685108272139 0.0291527926877718 0.15626437186589692