3 0.2730047652371408 0.7249746971009328 0.06716077534213598 0.06871147362105354
3 0.58829341056655 0.7722640099586464 0.04847441000954511 0.07308816048099125
2 0.3681274559198219 0.6124662628012437 0.07946132801559021 0.11939401308359229
1 0.8108240332590944 0.594470751854377 0.12610051802195343 0.16895366830291197
0 0.28163980398631877 0.11725320236260468 0.08344085069222604 0.19301352360693613
4 0.6691717879137766 0.6745615283039106 0.0448136080124085 0.0939543973268119
0 0.49211094326863936 0.505547675842484 0.04026246801399935 0.10540013154179632
3 0.29250129459741225 0.5275382549793232 0.06183747601049951 0.0808929552052021
4 0.3419654926002758 0.5093111707219864 0.06790566267504508 0.0656319762518894
3 0.4428798185471418 0.9068602758848362 0.041761333346590136 0.10002238680346806
0 0.3866801979630926 0.29458081278712633 0.05800449868713535 0.15405743942018651
3 0.8948359539306395 0.563402033353821 0.09386872601049952 0.08275856306947507