2 0.34773764081820957 0.14984873866847453 0.06183652812176259 0.13897892836490086
4 0.27261567038771417 0.2278835553606578 0.0357984129441161 0.09892958992388783
3 0.24094206285855363 0.7030307939919512 0.08520125351465672 0.1383714333078167
3 0.932711954300445 0.16978577874327413 0.0630522717116218 0.11485567885919248
2 0.7963677318030349 0.05506275106294527 0.058324076302517014 0.0468232618629981
3 0.8857406009096227 0.08209743634792839 0.0527312018192454 0.09416117688202612
2 0.6140133041766104 0.10767446201390987 0.05295167969333896 0.13237875988583175
2 0.5276992384180635 0.46440994026508003 0.06730743217453856 0.1727318458553869
3 0.9864399794766288 0.18620395760246664 0.027120041046742573 0.11611708992388783
4 0.1861944809744654 0.3311902860832859 0.043339085193857096 0.11015359140676262
3 0.790015032050704 0.15305458208958453 0.04973463440806895 0.11353325939154017