4 0.571875 0.2421875 0.05078125 0.078125
3 0.41328125 0.3171875 0.0421875 0.146875
1 0.50078125 0.40703125 0.1046875 0.2765625
0 0.3671875 0.428125 0.0703125 0.2578125
1 0.52109375 0.10234375 0.05078125 0.2046875
2 0.30625 0.25859375 0.07890625 0.17421875
2 0.8140625 0.63125 0.14140625 0.2265625
4 0.04609375 0.13125 0.04296875 0.09609375
4 0.8078125 0.8109375 0.08203125 0.159375
1 0.6953125 0.28984375 0.121875 0.27578125
2 0.75546875 0.4125 0.1046875 0.1984375
2 0.4734375 0.30625 0.0609375 0.18203125