4 0.810569104809914 0.4902265430141203 0.06154371572854593 0.06507162094116267
3 0.9827311515954855 0.8909647029155087 0.03453769680902887 0.1592170872559425
4 0.8206350785721419 0.40845439163414865 0.031939515714428525 0.07938353693163087
3 0.724387952080256 0.5917424042160503 0.05190267619541977 0.1273397958600846
3 0.34974353882725434 0.6851012974816425 0.05805396565795871 0.13915400324641086
0 0.6459396444842144 0.2766298729664622 0.03580723933548189 0.14578978693163086
2 0.5627323023343698 0.3220048283241935 0.04212585779368574 0.10687729139585773
1 0.3639333833961733 0.8587533357336724 0.11591821551678425 0.28249332853265513
0 0.075562586182301 0.6943636546263827 0.08259050504991035 0.22543242248328993
4 0.07496407572954446 0.6170880884737585 0.05202450256024875 0.07583184293798535
0 0.2660840864646497 0.4011160353067778 0.06097383930724707 0.1758863900158861
0 0.5246092180064459 0.4446513956946337 0.0403351156156063 0.1833306972400564
2 0.5899843180487981 0.4013065446389734 0.050067160410404196 0.1226250223211343
1 0.34885108383381375 0.4017802828711458 0.07029563140062187 0.18853639448011278
3 0.3025830285862593 0.38458310024158604 0.04015383411616238 0.09981876785690753