4 0.4205375772995016 0.23689797710525343 0.05328008867759042 0.08199179757185977
3 0.582918851289002 0.3094907279631832 0.04473233935390812 0.15281276293212373
1 0.49200240260982075 0.4042924140939874 0.11113059337204376 0.288293273356965
0 0.6292478639401846 0.42216657271119146 0.07497491736949832 0.26849759890464336
1 0.47534435065245517 0.09814066864633392 0.05556129869508961 0.19628133729266783
2 0.6937841732972744 0.24534800844628424 0.08334994402449887 0.1828328835443794
2 0.16508372457832227 0.6457574662181937 0.14882095003181672 0.23862589396922082
4 0.9640614053150918 0.10627818210718307 0.045685764680135674 0.10051447703874641
4 0.16996048655318702 0.8307091277383917 0.0870652900222717 0.1665402938109363
1 0.29184895595959276 0.2890635338483133 0.12909934337204368 0.28881611058312584
2 0.228648427275639 0.4182031160599092 0.11019425469445325 0.20782452335696497
2 0.5213364612905929 0.2995678101747791 0.06469085069222621 0.19009981426490724