4 0.42269857651031534 0.8083840361878822 0.05272099990180408 0.06606206430454868
0 0.596509822994274 0.47957197121774353 0.03760051483072289 0.15241713839274312
1 0.4974137928418488 0.45616887917777815 0.06197380093507636 0.1795433360560416
1 0.3980445310361879 0.6140339709334031 0.08469822862817358 0.19178941612815983
1 0.8580179320929012 0.915332805897344 0.166697662371395 0.16933438820531208
1 0.17801435304850322 0.42607545678135433 0.10496527683277543 0.18444969481350704
0 0.7159809438985621 0.7612967095342368 0.07350165339440444 0.1470035929898959
1 0.7168627087292851 0.6097342095342367 0.07538686114173085 0.2025087105810764
0 0.7119575609922213 0.5127319229651047 0.05869426483072289 0.15290810087368065
2 0.2869404220357564 0.23717857057281275 0.04825621369925477 0.10423421153100695
3 0.3429171903825207 0.41975598765090305 0.034924966724316865 0.0953313370059723
0 0.0552359040817755 0.3099211670780903 0.08053744857394425 0.14794849715020836
4 0.28844175117835036 0.7849439233463544 0.0356107679539809 0.07894327080156245
2 0.36365030855633446 0.8851452515186115 0.0774624455488822 0.1564695119678472
4 0.37741140681225 0.13145720706569475 0.021425548106406022 0.05752221248093754
4 0.032438753516041426 0.6992375870059723 0.06487750703208285 0.06722517401194458
3 0.3479455788480064 0.3612713404244447 0.03178178600615764 0.09213360182361115