2 0.83828125 0.39765625 0.08828125 0.1078125
0 0.665625 0.4125 0.0578125 0.0890625
3 0.8890625 0.18203125 0.06796875 0.090625
3 0.60859375 0.26875 0.0359375 0.0828125
4 0.70390625 0.29609375 0.03203125 0.05625
2 0.68359375 0.10078125 0.06328125 0.1328125
2 0.678125 0.33671875 0.06640625 0.11328125
4 0.35234375 0.59765625 0.0359375 0.0828125
4 0.75625 0.33359375 0.0328125 0.059375
0 0.45390625 0.23515625 0.03203125 0.121875
3 0.89765625 0.428125 0.07265625 0.06796875
3 0.37421875 0.52734375 0.03984375 0.0578125
1 0.5 0.4796875 0.06953125 0.12109375
2 0.4203125 0.77578125 0.0578125 0.1046875
1 0.94375 0.20703125 0.1125 0.18125