2 0.85703125 0.428125 0.08828125 0.1359375
0 0.359375 0.5828125 0.05625 0.15078125
2 0.4078125 0.2359375 0.04609375 0.1234375
1 0.78828125 0.653125 0.1390625 0.175
4 0.4328125 0.30390625 0.04140625 0.05703125
0 0.82890625 0.21875 0.07109375 0.1609375
0 0.775 0.13671875 0.05703125 0.1578125
3 0.24453125 0.38125 0.04921875 0.10234375
2 0.165625 0.69453125 0.1046875 0.14765625
1 0.49921875 0.44296875 0.05703125 0.20390625
3 0.08515625 0.74921875 0.0890625 0.1
2 0.525 0.68828125 0.05859375 0.14765625